APPTR,R02,02,FKN
IF,FKN,36.714236,-77.012378, ,0.0,0.0,0,0,0,0,0,0,0,0
TF,PIGLE,36.820914,-76.762119,0, ,0.0,0.0,0.0,0.0,2,2100,0,0,0,0,1,0
TF,COPIG,36.859875,-76.670269,0, ,0.0,0.0,0.0,0.0,2,2100,0,0,0,0,1,0

FINAL,R02,02,G,3
IF,COPIG,36.859875,-76.670269, ,0.0,0.0,2,2100,0,0,0,0,0,0
TF,HAMIM,36.930033,-76.608544,0, ,0.0,0.0,45.0,5.2,2,1700,0,0,0,0,2,0
TF,RW02,37.012261,-76.591092,0, ,0.0,0.0,20.0,5.0,1,71,0,0,0,0,3,0
CA,0,20.0,2,433,0,0,0,0,0,0
DF,PIGLE,36.820914,-76.762119,1, ,0.0,0.0,2,2100,0,0,0,0,0,0
HM,PIGLE,36.820914,-76.762119,1, ,0.0,0.0,72.0,04,0,0,0,0,0,0,0,0,0

