FINAL,N22,22,N,2
IF,FN22,-5.357447,154.732664,BUK,0.0,0.0,2,1600,0,0,0,0,2,0
CF,BUK,-5.443017,154.667167,0,BUK,0.0,0.0,210.0,6.4,1,1000,0,0,0,0,3,0
CA,0,210.0,2,2800,0,0,0,0,0,0
DF,BUK,-5.443017,154.667167,2, ,0.0,0.0,0,0,0,0,0,0,0,0

APPTR,P22,22,YBKNA
IF,YBKNA,-5.262622,154.755078, ,0.0,0.0,2,2800,0,1,185,0,1,0
TF,YBKNI,-5.324567,154.780319,0, ,0.0,0.0,0.0,0.0,2,2000,0,0,0,0,1,0

APPTR,P22,22,YBKNC
IF,YBKNC,-5.279578,154.829836, ,0.0,0.0,2,2800,0,1,185,0,1,0
TF,YBKNI,-5.324567,154.780319,0, ,0.0,0.0,0.0,0.0,2,2000,0,0,0,0,1,0

APPTR,P22,22,YBKND
IF,YBKND,-5.355814,154.839439, ,0.0,0.0,2,2800,0,1,185,0,1,0
TF,YBKNI,-5.324567,154.780319,0, ,0.0,0.0,0.0,0.0,2,2000,0,0,0,0,1,0

FINAL,P22,22,G,3
IF,YBKNI,-5.324567,154.780319, ,0.0,0.0,2,2000,0,0,0,0,0,0
TF,YBKNF,-5.369553,154.730797,0, ,0.0,0.0,0.0,4.0,2,1000,0,0,0,0,2,0
TF,YBKNM,-5.414533,154.681267,0, ,0.0,0.0,0.0,4.0,1,142,0,0,0,0,3,0
TF,YBKNH,-5.582031,154.496678,0, ,0.0,0.0,0.0,0.0,2,2800,0,0,0,0,0,0

FINAL,Q22,22,N,2
IF,TANA,-5.296844,154.779044,BUK,0.0,0.0,2,1600,0,0,0,0,2,0
CF,MD22,-5.389861,154.707853,0,BUK,0.0,4.0,210.0,7.0,1,827,0,0,0,0,3,0
CA,0,210.0,2,2800,0,0,0,0,0,0
DF,BUK,-5.443017,154.667167,2, ,0.0,0.0,0,0,0,0,0,0,0,0

