APPTR,P14-C,14,GBESB
IF,GBESB,-7.089461,143.900456, ,0.0,0.0,2,2800,0,0,0,0,1,0
TF,GBESI,-7.029589,143.841864,0, ,0.0,0.0,0.0,0.0,2,2300,0,0,0,0,1,0

APPTR,P14-C,14,GBESC
IF,GBESC,-7.105067,143.805578, ,0.0,0.0,2,2800,0,0,0,0,1,0
TF,GBESI,-7.029589,143.841864,0, ,0.0,0.0,0.0,0.0,2,2300,0,0,0,0,1,0

FINAL,P14-C,14,G,3
IF,GBESI,-7.029589,143.841864, ,0.0,0.0,2,2300,0,0,0,0,0,0
TF,GBESF,-6.969706,143.783289,0, ,0.0,0.0,0.0,5.0,2,1800,0,0,0,0,2,0
TF,GBESM,-6.909817,143.724728,0, ,0.0,0.0,0.0,5.0,1,1000,0,0,0,0,3,0
CA,0,310.0,2,1500,0,0,0,0,0,0
DF,GBESB,-7.089461,143.900456,1, ,0.0,0.0,2,2800,0,0,0,0,0,0
HM,GBESB,-7.089461,143.900456,1, ,0.0,0.0,310.0,04.3,0,0,0,1,170,0,0,0,0

APPTR,P32-C,32,GBESB
IF,GBESB,-7.089461,143.900456, ,0.0,0.0,2,2800,0,0,0,0,1,0
TF,GBESI,-7.029589,143.841864,0, ,0.0,0.0,0.0,0.0,2,2300,0,0,0,0,1,0

APPTR,P32-C,32,GBESC
IF,GBESC,-7.105067,143.805578, ,0.0,0.0,2,2800,0,0,0,0,1,0
TF,GBESI,-7.029589,143.841864,0, ,0.0,0.0,0.0,0.0,2,2300,0,0,0,0,1,0

FINAL,P32-C,32,G,3
IF,GBESI,-7.029589,143.841864, ,0.0,0.0,2,2300,0,0,0,0,0,0
TF,GBESF,-6.969706,143.783289,0, ,0.0,0.0,0.0,5.0,2,1800,0,0,0,0,2,0
TF,GBESM,-6.909817,143.724728,0, ,0.0,0.0,0.0,5.0,1,1000,0,0,0,0,3,0
CA,0,310.0,2,1500,0,0,0,0,0,0
DF,GBESB,-7.089461,143.900456,1, ,0.0,0.0,2,2800,0,0,0,0,0,0
HM,GBESB,-7.089461,143.900456,1, ,0.0,0.0,310.0,04.3,0,0,0,1,170,0,0,0,0

FINAL,Q14-B,14,N,2
IF,FN308,-6.985397,143.779383,GBE,0.0,0.0,2,2500,0,0,0,0,2,0
CF,GBE,-6.890317,143.679100,0,GBE,0.0,0.0,308.0,8.3,1,800,0,0,0,0,3,0
CA,1,128.0,2,4500,0,1,140,0,0,0
DF,GBE,-6.890317,143.679100,1, ,0.0,0.0,2,4500,0,0,0,0,0,0

FINAL,Q14-M,14,N,3
IF,FF308,-6.982533,143.776361,GBE,0.0,0.0,2,2500,0,0,0,0,2,0
CF,SD308,-6.936431,143.727725,0,GBE,0.0,0.0,308.0,4.0,2,1200,0,0,0,0,0,0
CF,GBE,-6.890317,143.679100,0,GBE,0.0,0.0,308.0,4.0,1,800,0,0,0,0,3,0
CA,0,308.0,2,1000,0,1,140,0,0,0
CA,1,128.0,2,4500,0,0,0,0,0,0
DF,GBE,-6.890317,143.679100,1, ,0.0,0.0,2,4500,0,0,0,0,0,0

FINAL,Q32-B,32,N,2
IF,FN308,-6.985397,143.779383,GBE,0.0,0.0,2,2500,0,0,0,0,2,0
CF,GBE,-6.890317,143.679100,0,GBE,0.0,0.0,308.0,8.3,1,800,0,0,0,0,3,0
CA,1,128.0,2,4500,0,1,140,0,0,0
DF,GBE,-6.890317,143.679100,1, ,0.0,0.0,2,4500,0,0,0,0,0,0

FINAL,Q32-M,32,N,3
IF,FF308,-6.982533,143.776361,GBE,0.0,0.0,2,2500,0,0,0,0,2,0
CF,SD308,-6.936431,143.727725,0,GBE,0.0,0.0,308.0,4.0,2,1200,0,0,0,0,0,0
CF,GBE,-6.890317,143.679100,0,GBE,0.0,0.0,308.0,4.0,1,800,0,0,0,0,3,0
CA,0,308.0,2,1000,0,1,140,0,0,0
CA,1,128.0,2,4500,0,0,0,0,0,0
DF,GBE,-6.890317,143.679100,1, ,0.0,0.0,2,4500,0,0,0,0,0,0

