APPTR,D09-A,09,GNY
IF,GNY,-10.315767,150.361883, ,0.0,0.0,2,5000,0,1,170,0,0,0
FD,GNY,-10.315767,150.361883,0,GNY,0.0,12.0,115.0,12.0,2,3750,0,0,0,0,0,0
CF,FD285,-10.393308,150.548969,1,GNY,105.0,12.0,285.0,1.0,2,3750,0,0,0,0,0,0

FINAL,D09-A,09,D,2
IF,FD285,-10.393308,150.548969,GNY,105.0,12.0,2,3750,0,0,0,0,2,0
CF,MD285,-10.328747,150.392936,0,GNY,105.0,2.0,285.0,10.0,1,750,0,0,0,0,3,0
VI,1, ,0.0,75.0,0,0,0,1,150,0,0,0
FA,GNY,-10.315767,150.361883,0,GNY,0.0,0.0,105.0,2,5000,0,0,0,0,0,0
DF,GNY,-10.315767,150.361883,2, ,0.0,0.0,0,0,0,0,0,0,0,0

APPTR,D09-B,09,WAGA
IF,WAGA,-10.419114,150.611400, ,0.0,0.0,2,5000,0,0,0,0,1,0
TF,FD285,-10.393308,150.548969,0, ,0.0,0.0,0.0,0.0,2,3750,0,0,0,0,0,0

FINAL,D09-B,09,D,2
IF,FD285,-10.393308,150.548969,GNY,105.0,12.0,2,3750,0,0,0,0,2,0
CF,MD285,-10.328747,150.392936,0,GNY,105.0,2.0,285.0,10.0,1,750,0,0,0,0,3,0
VI,1, ,0.0,75.0,0,0,0,1,150,0,0,0
CF,WAGA,-10.419114,150.611400,0,GNY,105.0,16.0,105.0,7.0,2,5000,0,0,0,0,0,0

APPTR,D27-A,27,GNY
IF,GNY,-10.315767,150.361883, ,0.0,0.0,2,5000,0,1,170,0,0,0
FD,GNY,-10.315767,150.361883,0,GNY,0.0,12.0,115.0,12.0,2,3750,0,0,0,0,0,0
CF,FD285,-10.393308,150.548969,1,GNY,105.0,12.0,285.0,1.0,2,3750,0,0,0,0,0,0

FINAL,D27-A,27,D,2
IF,FD285,-10.393308,150.548969,GNY,105.0,12.0,2,3750,0,0,0,0,2,0
CF,MD285,-10.328747,150.392936,0,GNY,105.0,2.0,285.0,10.0,1,750,0,0,0,0,3,0
VI,1, ,0.0,75.0,0,0,0,1,150,0,0,0
FA,GNY,-10.315767,150.361883,0,GNY,0.0,0.0,105.0,2,5000,0,0,0,0,0,0
DF,GNY,-10.315767,150.361883,2, ,0.0,0.0,0,0,0,0,0,0,0,0

APPTR,D27-B,27,WAGA
IF,WAGA,-10.419114,150.611400, ,0.0,0.0,2,5000,0,0,0,0,1,0
TF,FD285,-10.393308,150.548969,0, ,0.0,0.0,0.0,0.0,2,3750,0,0,0,0,0,0

FINAL,D27-B,27,D,2
IF,FD285,-10.393308,150.548969,GNY,105.0,12.0,2,3750,0,0,0,0,2,0
CF,MD285,-10.328747,150.392936,0,GNY,105.0,2.0,285.0,10.0,1,750,0,0,0,0,3,0
VI,1, ,0.0,75.0,0,0,0,1,150,0,0,0
CF,WAGA,-10.419114,150.611400,0,GNY,105.0,16.0,105.0,7.0,2,5000,0,0,0,0,0,0

APPTR,P09-C,09,YGNEA
IF,YGNEA,-10.361119,150.658572, ,0.0,0.0,2,5000,0,0,0,0,1,0
TF,YGNEI,-10.419169,150.597642,0, ,0.0,0.0,0.0,0.0,2,2300,0,0,0,0,1,0

FINAL,P09-C,09,G,3
IF,YGNEI,-10.419169,150.597642, ,0.0,0.0,2,2300,0,0,0,0,0,0
TF,YGNEF,-10.382322,150.521708,0, ,0.0,0.0,0.0,5.0,2,1500,0,0,0,0,2,0
TF,YGNEM,-10.323331,150.400253,0, ,0.0,0.0,0.0,8.0,1,1150,0,0,0,0,3,0
CA,0,289.0,2,1150,0,0,0,0,0,0
DF,YGNEH,-10.477281,149.994364,1, ,0.0,0.0,2,5000,0,0,0,0,0,1
DF,YGNEA,-10.361119,150.658572,1, ,0.0,0.0,0,0,0,0,0,0,0,0

APPTR,P27-C,27,YGNEA
IF,YGNEA,-10.361119,150.658572, ,0.0,0.0,2,5000,0,0,0,0,1,0
TF,YGNEI,-10.419169,150.597642,0, ,0.0,0.0,0.0,0.0,2,2300,0,0,0,0,1,0

FINAL,P27-C,27,G,3
IF,YGNEI,-10.419169,150.597642, ,0.0,0.0,2,2300,0,0,0,0,0,0
TF,YGNEF,-10.382322,150.521708,0, ,0.0,0.0,0.0,5.0,2,1500,0,0,0,0,2,0
TF,YGNEM,-10.323331,150.400253,0, ,0.0,0.0,0.0,8.0,1,1150,0,0,0,0,3,0
CA,0,289.0,2,1150,0,0,0,0,0,0
DF,YGNEH,-10.477281,149.994364,1, ,0.0,0.0,2,5000,0,0,0,0,0,1
DF,YGNEA,-10.361119,150.658572,1, ,0.0,0.0,0,0,0,0,0,0,0,0

APPTR,R09-R,09,GNY
IF,GNY,-10.315767,150.361883, ,0.0,0.0,2,5000,0,1,170,0,1,0
FC,GNY,-10.315767,150.361883,0,GNY,0.0,0.0,115.0,11.3,2,3750,0,0,0,0,0,1
CF,FF285,-10.379986,150.516750,1,GNY,105.0,9.9,285.0,1.4,2,3750,0,0,0,0,0,0

FINAL,R09-R,09,G,2
IF,FF285,-10.379986,150.516750,GNY,105.0,9.9,2,3750,0,0,0,0,2,0
CF,GNY,-10.315767,150.361883,0,GNY,0.0,0.0,285.0,9.9,1,1150,0,0,0,0,3,0
FA,GNY,-10.315767,150.361883,0,GNY,0.0,0.0,240.0,2,5000,0,1,150,0,0,0
DF,GNY,-10.315767,150.361883,1, ,0.0,0.0,0,0,0,0,0,0,0,0

APPTR,R27-R,27,GNY
IF,GNY,-10.315767,150.361883, ,0.0,0.0,2,5000,0,1,170,0,1,0
FC,GNY,-10.315767,150.361883,0,GNY,0.0,0.0,115.0,11.3,2,3750,0,0,0,0,0,1
CF,FF285,-10.379986,150.516750,1,GNY,105.0,9.9,285.0,1.4,2,3750,0,0,0,0,0,0

FINAL,R27-R,27,G,2
IF,FF285,-10.379986,150.516750,GNY,105.0,9.9,2,3750,0,0,0,0,2,0
CF,GNY,-10.315767,150.361883,0,GNY,0.0,0.0,285.0,9.9,1,1150,0,0,0,0,3,0
FA,GNY,-10.315767,150.361883,0,GNY,0.0,0.0,240.0,2,5000,0,1,150,0,0,0
DF,GNY,-10.315767,150.361883,1, ,0.0,0.0,0,0,0,0,0,0,0,0

