FINAL,Q12-B,12,N,2
IF,FN115,-5.400686,150.319286,HKN,0.0,0.0,2,2000,0,0,0,0,2,0
CF,HKN,-5.459033,150.414283,0,HKN,0.0,0.0,115.0,6.7,1,1000,0,0,0,0,3,0
CA,1,350.0,2,5000,0,0,0,0,0,0

FINAL,Q12-M,12,N,3
IF,CF115,-5.371514,150.271808,HKN,0.0,0.0,2,2000,0,0,0,0,0,0
CF,FF115,-5.397775,150.314547,0,HKN,0.0,0.0,115.0,3.0,2,2000,0,0,0,0,2,0
CF,HKN,-5.459033,150.414283,0,HKN,0.0,0.0,115.0,7.0,1,1000,0,0,0,0,3,0
CA,1,350.0,2,2000,0,0,0,0,0,0

FINAL,Q30-B,30,N,2
IF,FN115,-5.400686,150.319286,HKN,0.0,0.0,2,2000,0,0,0,0,2,0
CF,HKN,-5.459033,150.414283,0,HKN,0.0,0.0,115.0,6.7,1,1000,0,0,0,0,3,0
CA,1,350.0,2,5000,0,0,0,0,0,0

FINAL,Q30-M,30,N,3
IF,CF115,-5.371514,150.271808,HKN,0.0,0.0,2,2000,0,0,0,0,0,0
CF,FF115,-5.397775,150.314547,0,HKN,0.0,0.0,115.0,3.0,2,2000,0,0,0,0,2,0
CF,HKN,-5.459033,150.414283,0,HKN,0.0,0.0,115.0,7.0,1,1000,0,0,0,0,3,0
CA,1,350.0,2,2000,0,0,0,0,0,0

