FINAL,Q12-B,12,N,2
IF,FF130,-2.984750,152.570703,LHR,0.0,0.0,2,1800,0,0,0,0,2,0
CF,LHR,-3.044817,152.626417,0,LHR,0.0,0.0,130.0,4.9,1,1200,0,0,0,0,3,0
CA,0,130.0,2,1200,0,0,0,0,0,0
CA,1,40.0,2,3000,0,0,0,0,0,0
DF,LHR,-3.044817,152.626417,1, ,0.0,0.0,2,4000,0,0,0,0,0,0

FINAL,Q30-B,30,N,2
IF,FF130,-2.984750,152.570703,LHR,0.0,0.0,2,1800,0,0,0,0,2,0
CF,LHR,-3.044817,152.626417,0,LHR,0.0,0.0,130.0,4.9,1,1200,0,0,0,0,3,0
CA,0,130.0,2,1200,0,0,0,0,0,0
CA,1,40.0,2,3000,0,0,0,0,0,0
DF,LHR,-3.044817,152.626417,1, ,0.0,0.0,2,4000,0,0,0,0,0,0

