APPTR,D25,25,D020N
IF,D020N,-5.001797,145.881097, ,0.0,0.0,0,0,0,0,0,0,1,0
AF,CD25,-5.152892,146.003183,2,MD,69.0,14.0,20.0,2,2000,0,0,0,0,0,0

APPTR,D25,25,D140N
IF,D140N,-5.407144,145.905900, ,0.0,0.0,0,0,0,0,0,0,1,0
AF,CD25,-5.152892,146.003183,1,MD,69.0,14.0,140.0,2,2000,0,0,0,0,0,0

FINAL,D25,25,D,3
IF,CD25,-5.152892,146.003183,MD,69.0,14.0,2,2000,0,0,0,0,0,0
CF,SEVEW,-5.169686,145.938500,0,MD,69.0,10.0,249.0,4.0,2,2000,0,0,0,0,2,0
CF,MD25,-5.199058,145.825294,0,MD,69.0,3.0,249.0,7.0,1,672,0,0,0,0,3,0
CI,1, ,0.0,70.0,0,0,0,0,0,0,0,0
AF,CD25,-5.152892,146.003183,1,MD,69.0,14.0,87.0,0,0,0,0,0,0,0,0
CF,SEVEW,-5.169686,145.938500,0,MD,69.0,10.0,249.0,4.0,0,0,0,0,0,0,0,0

APPTR,P25,25,YMDEA
IF,YMDEA,-5.101450,145.945892, ,0.0,0.0,2,2000,0,1,195,0,1,0
TF,YMDEI,-5.168175,145.939944,0, ,0.0,0.0,0.0,0.0,2,1650,0,0,0,0,1,0

APPTR,P25,25,YMDEB
IF,YMDEB,-5.150953,146.004514, ,0.0,0.0,2,2000,0,1,195,0,1,0
TF,YMDEI,-5.168175,145.939944,0, ,0.0,0.0,0.0,0.0,2,1650,0,0,0,0,1,0

APPTR,P25,25,YMDEC
IF,YMDEC,-5.223119,145.978169, ,0.0,0.0,2,2000,0,1,195,0,1,0
TF,YMDEI,-5.168175,145.939944,0, ,0.0,0.0,0.0,0.0,2,1650,0,0,0,0,1,0

FINAL,P25,25,G,3
IF,YMDEI,-5.168175,145.939944, ,0.0,0.0,2,1650,0,0,0,0,0,0
TF,YMDEF,-5.185389,145.875369,0, ,0.0,0.0,249.0,4.0,2,1650,0,0,0,0,2,0
TF,YMDEM,-5.202597,145.810792,0, ,0.0,0.0,249.0,4.0,1,385,0,0,0,0,3,0
CA,0,249.0,2,520,0,1,190,0,0,0
DF,YMDEH,-5.333642,145.901942,1, ,0.0,0.0,2,2000,0,0,0,0,0,0

APPTR,S25,25,MD
IF,MD,-5.211633,145.776783, ,0.0,0.0,2,4500,0,0,0,0,1,0
FC,MD,-5.211633,145.776783,0,MD,0.0,0.0,82.0,14.0,2,2000,0,0,0,0,0,1
CF,FS25,-5.181539,145.892806,1,MD,69.0,7.2,249.0,6.8,2,2000,0,0,0,0,0,0

FINAL,S25,25,D,2
IF,FS25,-5.181539,145.892806,MD,69.0,7.2,2,2000,0,0,0,0,2,0
CF,RW25,-5.207033,145.794100,0,MD,68.7,1.1,249.0,6.1,1,57,0,0,0,0,3,0
CF,MD,-5.211633,145.776783,0,MD,0.0,0.0,249.0,1.1,0,0,0,0,0,0,0,1
CA,1,70.0,2,3200,0,0,0,0,0,0
DF,MD,-5.211633,145.776783,1, ,0.0,0.0,2,4500,0,0,0,0,0,0

