SID,DARU,09,2
CA,0,89.0,2,3500,0,0,0,0,0,0
CA,0,150.0,2,4500,0,1,165,0,0,0
CA,0,180.0,2,5300,0,0,0,0,0,0
CI,0, ,0.0,220.0,0,0,0,0,0,0,0,0
CF,ASIXA,-9.074036,143.212433,0,YXM,168.6,181.5,176.0,154.0,0,0,0,0,0,0,0,0

SID,KEREMA,09,2
CA,0,89.0,2,3500,0,0,0,0,0,0
CI,0, ,0.0,150.0,0,0,0,1,165,0,0,0
CF,EPKED,-7.962581,145.778383,0,YXM,118.6,207.1,117.0,172.0,0,0,0,0,0,0,0,0

SID,KIKORI,09,2
CA,0,89.0,2,3500,0,0,0,0,0,0
CA,0,150.0,2,4500,0,1,165,0,0,0
CI,0, ,0.0,180.0,0,0,0,0,0,0,0,0
CF,KIBAV,-7.428333,144.248333,0,YXM,130.0,116.0,132.0,79.0,0,0,0,0,0,0,0,0

SID,OMNI,09,2
CA,0,89.0,2,3500,0,0,0,0,0,0
CA,0,150.0,2,4500,0,1,165,0,0,0
CA,0,180.0,2,5300,0,0,0,0,0,0
CA,0,220.0,2,6800,0,0,0,0,0,0
DF,MOR,-6.362867,143.254183,2, ,0.0,0.0,0,0,0,0,0,0,0,1

SID,SAURI,09,2
CA,0,89.0,2,3500,0,0,0,0,0,0
CI,0, ,0.0,150.0,0,0,0,1,165,0,0,0
CF,ESKEL,-6.603369,143.770864,0,YXM,116.4,62.8,110.0,27.0,0,0,0,0,0,0,0,0

APPTR,P27,27,YMREB
IF,YMREB,-6.502878,143.480864, ,0.0,0.0,2,7800,0,1,190,0,1,0
TF,YMREI,-6.444650,143.420706,0, ,0.0,0.0,0.0,0.0,2,5800,0,0,0,0,1,0
TF,CF27,-6.415533,143.390628,0, ,0.0,0.0,0.0,0.0,2,5300,0,0,0,0,0,0

APPTR,P27,27,YMREC
IF,YMREC,-6.521108,143.386569, ,0.0,0.0,2,7800,0,1,190,0,1,0
TF,YMREI,-6.444650,143.420706,0, ,0.0,0.0,0.0,0.0,2,5800,0,0,0,0,1,0
TF,CF27,-6.415533,143.390628,0, ,0.0,0.0,0.0,0.0,2,5300,0,0,0,0,0,0

FINAL,P27,27,G,3
IF,CF27,-6.415533,143.390628, ,0.0,0.0,2,5300,0,0,0,0,0,0
TF,YMREF,-6.386417,143.360558,0, ,0.0,0.0,309.0,2.5,2,4700,0,0,0,0,2,0
TF,YMREM,-6.366058,143.279369,0, ,0.0,0.0,279.0,5.0,1,3414,0,0,0,0,3,1
TF,YMRET,-6.347281,143.016628,0, ,0.0,0.0,0.0,0.0,0,0,0,0,0,0,0,1
DF,YMREH,-6.426458,143.222933,1, ,0.0,0.0,2,7800,0,0,0,0,0,0

FINAL,Q09-B,09,N,2
IF,FF082,-6.365789,143.187442,MOR,0.0,0.0,2,5700,0,0,0,0,2,0
CF,MOR,-6.362867,143.254183,0,MOR,0.0,0.0,82.0,4.0,1,4300,0,0,0,0,3,0
CA,0,82.0,2,5000,0,0,0,0,0,0
CA,0,145.0,2,6700,0,0,0,0,0,0
DF,MOR,-6.362867,143.254183,2, ,0.0,0.0,2,8000,0,0,0,0,0,0

FINAL,Q27-B,27,N,2
IF,FF082,-6.365789,143.187442,MOR,0.0,0.0,2,5700,0,0,0,0,2,0
CF,MOR,-6.362867,143.254183,0,MOR,0.0,0.0,82.0,4.0,1,4300,0,0,0,0,3,0
CA,0,82.0,2,5000,0,0,0,0,0,0
CA,0,145.0,2,6700,0,0,0,0,0,0
DF,MOR,-6.362867,143.254183,2, ,0.0,0.0,2,8000,0,0,0,0,0,0

