APPTR,D09,09,WESFI
IF,WESFI,-6.550439,146.407517, ,0.0,0.0,2,6000,0,0,0,0,1,0
TF,CF09,-6.556044,146.541939,0, ,0.0,0.0,0.0,0.0,2,2600,0,0,0,0,1,0

FINAL,D09,09,D,3
IF,CF09,-6.556044,146.541939,NZ,268.0,10.0,2,2600,0,0,0,0,0,0
CF,FF09,-6.562197,146.625442,0,NZ,268.0,5.0,88.0,5.0,2,1500,0,0,0,0,2,0
CF,NZ,-6.568333,146.708950,0,NZ,0.0,0.0,88.0,5.0,1,411,0,0,0,0,3,0
CA,0,88.0,2,1500,0,1,185,0,0,0
DF,NZ,-6.568333,146.708950,2, ,0.0,0.0,0,0,0,0,0,0,0,0
TF,WESFI,-6.550439,146.407517,0, ,0.0,0.0,0.0,0.0,2,6000,0,0,0,0,0,0

APPTR,D27,27,LAE
IF,LAE,-6.735000,147.000000, ,0.0,0.0,2,6300,0,1,210,0,1,0
TF,CF27,-6.644472,146.895008,0, ,0.0,0.0,0.0,0.0,2,3000,0,0,0,0,1,0

FINAL,D27,27,D,3
IF,CF27,-6.644472,146.895008,NZ,106.1,12.0,2,3000,0,0,0,0,0,0
CF,FF27,-6.576019,146.819022,0,NZ,87.8,6.6,306.0,6.0,2,1700,0,0,0,0,2,0
CF,RW27,-6.570783,146.737233,0,NZ,88.7,1.7,268.0,4.9,1,266,0,0,0,0,3,0
CF,NZ,-6.568333,146.708950,0,NZ,0.0,0.0,268.0,1.7,2,731,0,0,0,0,0,0
CA,0,268.0,2,2000,0,1,185,0,0,0
DF,NZ,-6.568333,146.708950,1, ,0.0,0.0,0,0,0,0,0,0,0,0
TF,LAE,-6.735000,147.000000,0, ,0.0,0.0,0.0,0.0,2,6300,0,0,0,0,0,0

APPTR,S09,09,NZ
IF,NZ,-6.568333,146.708950, ,0.0,0.0,2,6000,0,1,200,0,1,0
FC,NZ,-6.568333,146.708950,0,NZ,0.0,0.0,280.0,12.0,0,0,0,1,160,0,0,1
CF,FS09,-6.560264,146.599183,1,NZ,268.0,6.6,88.0,5.4,2,2500,0,0,0,0,0,0

FINAL,S09,09,D,2
IF,FS09,-6.560264,146.599183,NZ,268.0,6.6,2,2500,0,0,0,0,2,0
CF,NZ,-6.568333,146.708950,0,NZ,0.0,0.0,88.0,6.6,1,410,0,0,0,0,3,0
CA,0,88.0,2,1500,0,0,0,0,0,0
VI,0, ,0.0,144.0,0,0,0,1,185,0,0,0
CF,LAE,-6.735000,147.000000,0,NZ,114.1,20.0,114.0,14.0,2,6300,0,0,0,0,0,0

