APPTR,D14L,14L,PY
IF,PY,-9.452967,147.215100, ,0.0,0.0,2,4000,0,1,180,0,1,0
FD,PY,-9.452967,147.215100,0,PY,0.0,10.0,317.0,10.0,2,2500,0,0,0,0,0,0
CF,FD14,-9.296947,147.153858,2,PY,332.0,10.0,152.0,1.0,2,2500,0,0,0,0,0,0

FINAL,D14L,14L,D,2
IF,FD14,-9.296947,147.153858,PY,332.0,10.0,2,2500,0,0,0,0,2,0
CF,MD14,-9.395236,147.192428,0,PY,332.0,3.7,152.0,6.3,1,946,0,0,0,0,3,0
CA,0,152.0,2,946,0,0,0,0,0,0
CA,0,142.0,2,2500,0,0,0,0,0,0
DF,PY,-9.452967,147.215100,2, ,0.0,0.0,2,4000,0,0,0,0,0,0

APPTR,D32R,32R,PY
IF,PY,-9.452967,147.215100, ,0.0,0.0,2,4000,0,1,180,0,1,0
FD,PY,-9.452967,147.215100,0,PY,0.0,8.0,148.0,8.0,2,2400,0,0,0,0,0,0
CF,FD32,-9.550436,147.307644,1,PY,130.0,8.0,310.0,1.0,2,2400,0,0,0,0,0,0

FINAL,D32R,32R,D,2
IF,FD32,-9.550436,147.307644,PY,130.0,8.0,2,2400,0,0,0,0,2,0
CF,MD32,-9.489517,147.249792,0,PY,130.0,3.0,310.0,5.0,1,1023,0,0,0,0,3,0
CA,0,310.0,2,1023,0,0,0,0,0,0
CA,0,322.0,2,2500,0,0,0,0,0,0
DF,PY,-9.452967,147.215100,1, ,0.0,0.0,2,4000,0,0,0,0,0,0

FINAL,I14L,14L,I,3
IF,CF14L,-9.321656,147.147217,IWG,322.0,9.6,2,2500,0,0,0,0,0,0
CF,FF14L,-9.374603,147.179617,0,IWG,322.0,5.9,142.0,3.7,1,1400,0,0,0,0,2,0
CF,RW14L,-9.430850,147.213900,0,IWG,321.8,2.0,142.0,3.9,1,153,0,0,0,0,3,0
CA,0,142.0,2,1500,0,0,0,0,0,0
CD, ,0,0,2,PY,0,0.0,322.0,9.0,2,2500,0,0,0,0,0,0
DF,CF14L,-9.321656,147.147217,2, ,0.0,0.0,0,0,0,0,0,0,0,0
HM,CF14L,-9.321656,147.147217,2, ,0.0,0.0,142.0,04.3,0,0,0,0,0,0,0,0,0

APPTR,I32R,32R,BAYVW
IF,BAYVW,-9.633289,147.337917, ,0.0,0.0,2,4000,0,1,180,0,1,0
CF,CF32R,-9.564314,147.295631,0,IBB,142.0,9.6,322.0,4.8,2,2000,0,0,0,0,0,0

APPTR,I32R,32R,PY
IF,PY,-9.452967,147.215100, ,0.0,0.0,2,4000,0,1,180,0,0,0
FD,PY,-9.452967,147.215100,0,PY,0.0,8.2,160.0,8.2,2,2000,0,0,0,0,0,0
CF,CF32R,-9.564314,147.295631,1,IBB,142.0,9.6,322.0,1.0,2,2000,0,0,0,0,0,0

FINAL,I32R,32R,I,3
IF,CF32R,-9.564314,147.295631,IBB,142.0,9.6,2,2000,0,0,0,0,0,0
CF,FF32R,-9.535700,147.278094,0,IBB,142.0,7.6,322.0,2.0,1,2000,0,0,0,0,2,0
CF,RW32R,-9.452050,147.227000,0,IBB,141.8,1.7,322.0,5.9,1,178,0,0,0,0,3,0
CA,0,322.0,2,2500,0,0,0,0,0,0
DF,PY,-9.452967,147.215100,1, ,0.0,0.0,1,4000,0,0,0,0,0,0

APPTR,L32R,32R,BAYVW
IF,BAYVW,-9.633289,147.337917, ,0.0,0.0,2,4000,0,1,180,0,1,0
CF,CF32R,-9.564314,147.295631,0,IBB,142.0,9.6,322.0,4.8,2,2000,0,0,0,0,0,0

APPTR,L32R,32R,PY
IF,PY,-9.452967,147.215100, ,0.0,0.0,2,4000,0,1,180,0,0,0
FD,PY,-9.452967,147.215100,0,PY,0.0,8.2,160.0,8.2,2,2000,0,0,0,0,0,0
CF,CF32R,-9.564314,147.295631,1,IBB,142.0,9.6,322.0,1.0,2,2000,0,0,0,0,0,0

FINAL,L32R,32R,D,3
IF,CF32R,-9.564314,147.295631,IBB,142.0,9.6,2,2000,0,0,0,0,0,0
CF,FF32R,-9.535700,147.278094,0,IBB,142.0,7.6,322.0,2.0,2,2000,0,0,0,0,2,0
CF,PY,-9.461050,147.232550,0,IBB,141.8,2.3,322.0,5.2,1,379,0,0,0,0,3,0
CA,0,322.0,2,2500,0,0,0,0,0,0
DF,PY,-9.452967,147.215100,1, ,0.0,0.0,1,4000,0,0,0,0,0,0

APPTR,N32R,32R,PY
IF,PY,-9.461050,147.232550, ,0.0,0.0,2,4000,0,1,180,0,1,0
FC,PY,-9.461050,147.232550,0,PY,0.0,0.0,160.0,9.5,2,2000,0,0,0,0,0,1
CF,FN32R,-9.534158,147.277325,1,PY,136.0,6.1,322.0,4.0,2,2000,0,0,0,0,0,0

FINAL,N32R,32R,N,2
IF,FN32R,-9.534158,147.277325,PY,0.0,0.0,2,2000,0,0,0,0,2,0
CF,PY,-9.461050,147.232550,0,PY,0.0,0.0,322.0,5.1,1,378,0,0,0,0,3,0
CA,0,322.0,2,2500,0,0,0,0,0,0
DF,PY,-9.461050,147.232550,1, ,0.0,0.0,2,4000,0,0,0,0,0,0

APPTR,P14L,14L,YPYWA
IF,YPYWA,-9.249503,147.009075, ,0.0,0.0,2,2500,0,0,0,0,1,0
TF,YPYWI,-9.232819,147.091656,0, ,0.0,0.0,0.0,0.0,2,2500,0,0,0,0,1,0

APPTR,P14L,14L,YPYWB
IF,YPYWB,-9.161433,147.047633, ,0.0,0.0,2,2500,0,0,0,0,1,0
TF,YPYWI,-9.232819,147.091656,0, ,0.0,0.0,0.0,0.0,2,2500,0,0,0,0,1,0

APPTR,P14L,14L,YPYWC
IF,YPYWC,-9.167294,147.144103, ,0.0,0.0,2,4000,0,0,0,0,1,0
TF,YPYWI,-9.232819,147.091656,0, ,0.0,0.0,0.0,0.0,2,2500,0,0,0,0,1,0

FINAL,P14L,14L,G,4
IF,YPYWI,-9.232819,147.091656, ,0.0,0.0,2,2500,0,0,0,0,0,0
TF,YPYWF,-9.304200,147.135694,0, ,0.0,0.0,0.0,5.0,2,1300,0,0,0,0,2,0
TF,SD14L,-9.347025,147.162125,0, ,0.0,0.0,0.0,3.0,2,1100,0,0,0,0,0,0
TF,YPYWM,-9.404125,147.197381,0, ,0.0,0.0,0.0,4.0,1,749,0,0,0,0,3,0
CA,0,142.0,2,749,0,0,0,0,0,0
DF,YPYWT,-9.492522,147.251986,0, ,0.0,0.0,2,1500,0,0,0,0,0,1
DF,YPYWH,-9.510311,147.164067,2, ,0.0,0.0,1,2500,0,0,0,0,0,0

APPTR,P32R,32R,YPYEA
IF,YPYEA,-9.634419,147.432739, ,0.0,0.0,2,4900,0,0,0,0,1,0
TF,YPYEI,-9.651183,147.350078,0, ,0.0,0.0,0.0,0.0,2,2500,0,0,0,0,1,0

APPTR,P32R,32R,YPYEB
IF,YPYEB,-9.722531,147.394225, ,0.0,0.0,2,4900,0,0,0,0,1,0
TF,YPYEI,-9.651183,147.350078,0, ,0.0,0.0,0.0,0.0,2,2500,0,0,0,0,1,0

APPTR,P32R,32R,YPYEC
IF,YPYEC,-9.716739,147.297594, ,0.0,0.0,2,4000,0,0,0,0,1,0
TF,YPYEI,-9.651183,147.350078,0, ,0.0,0.0,0.0,0.0,2,2500,0,0,0,0,1,0

FINAL,P32R,32R,G,3
IF,YPYEI,-9.651183,147.350078, ,0.0,0.0,2,2500,0,0,0,0,0,0
TF,YPYEF,-9.579831,147.305950,0, ,0.0,0.0,0.0,5.0,2,1500,0,0,0,0,2,0
TF,YPYEM,-9.479925,147.244203,0, ,0.0,0.0,0.0,7.0,1,799,0,0,0,0,3,0
CA,0,322.0,2,799,0,0,0,0,0,0
DF,YPYET,-9.377425,147.180894,0, ,0.0,0.0,2,1700,0,0,0,0,0,1
DF,YPYEH,-9.603967,147.232564,1, ,0.0,0.0,1,4000,0,0,0,0,0,0

APPTR,Q32R,32R,PY
IF,PY,-9.461050,147.232550, ,0.0,0.0,2,4000,0,1,180,0,1,0
FD,PY,-9.461050,147.232550,0,PY,108.3,8.0,160.0,8.0,2,2000,0,0,0,0,0,0
CF,FQ32,-9.561544,147.294106,1,PY,137.5,8.0,322.0,1.0,2,2000,0,0,0,0,0,0

FINAL,Q32R,32R,N,2
IF,FQ32,-9.561544,147.294106,PY,0.0,0.0,2,2000,0,0,0,0,2,0
CF,MQ32,-9.489406,147.249908,0,PY,0.0,3.0,322.0,5.0,1,996,0,0,0,0,3,0
CA,0,322.0,2,2500,0,0,0,0,0,0
DF,PY,-9.461050,147.232550,1, ,0.0,0.0,2,4000,0,0,0,0,0,0

APPTR,S32R,32R,PY
IF,PY,-9.452967,147.215100, ,0.0,0.0,2,4000,0,1,180,0,1,0
FC,PY,-9.452967,147.215100,0,PY,0.0,0.0,148.0,9.5,2,2400,0,0,0,0,0,1
CF,FS32,-9.544050,147.302189,1,PY,129.8,7.5,310.0,2.0,2,2400,0,0,0,0,0,0

FINAL,S32R,32R,D,2
IF,FS32,-9.544050,147.302189,PY,129.8,7.5,2,2400,0,0,0,0,2,0
CF,PY,-9.452967,147.215100,0,PY,0.0,0.0,310.0,7.5,1,1000,0,0,0,0,3,0
CA,0,310.0,2,1000,0,0,0,0,0,0
CA,0,322.0,2,2500,0,0,0,0,0,0
DF,PY,-9.452967,147.215100,1, ,0.0,0.0,2,4000,0,0,0,0,0,0

