APPTR,P14-C,14,YTBSB
IF,YTBSB,-5.615211,141.463158, ,0.0,0.0,2,5200,0,1,185,0,1,0
TF,YTBSI,-5.546778,141.414994,0, ,0.0,0.0,0.0,0.0,2,4700,0,0,0,0,1,0

APPTR,P14-C,14,YTBSC
IF,YTBSC,-5.615525,141.367278, ,0.0,0.0,2,5200,0,1,185,0,1,0
TF,YTBSI,-5.546778,141.414994,0, ,0.0,0.0,0.0,0.0,2,4700,0,0,0,0,1,0

FINAL,P14-C,14,G,3
IF,YTBSI,-5.546778,141.414994, ,0.0,0.0,2,4700,0,0,0,0,0,0
TF,YTBSF,-5.478342,141.366839,0, ,0.0,0.0,0.0,5.0,2,4000,0,0,0,0,2,0
TF,YTBSM,-5.409900,141.318697,0, ,0.0,0.0,0.0,5.0,1,3150,0,0,0,0,3,0
CA,0,320.0,2,3150,0,0,0,0,0,0
DF,YTBSB,-5.615211,141.463158,1, ,0.0,0.0,2,5200,0,0,0,0,0,0

APPTR,P32-C,32,YTBSB
IF,YTBSB,-5.615211,141.463158, ,0.0,0.0,2,5200,0,1,185,0,1,0
TF,YTBSI,-5.546778,141.414994,0, ,0.0,0.0,0.0,0.0,2,4700,0,0,0,0,1,0

APPTR,P32-C,32,YTBSC
IF,YTBSC,-5.615525,141.367278, ,0.0,0.0,2,5200,0,1,185,0,1,0
TF,YTBSI,-5.546778,141.414994,0, ,0.0,0.0,0.0,0.0,2,4700,0,0,0,0,1,0

FINAL,P32-C,32,G,3
IF,YTBSI,-5.546778,141.414994, ,0.0,0.0,2,4700,0,0,0,0,0,0
TF,YTBSF,-5.478342,141.366839,0, ,0.0,0.0,0.0,5.0,2,4000,0,0,0,0,2,0
TF,YTBSM,-5.409900,141.318697,0, ,0.0,0.0,0.0,5.0,1,3150,0,0,0,0,3,0
CA,0,320.0,2,3150,0,0,0,0,0,0
DF,YTBSB,-5.615211,141.463158,1, ,0.0,0.0,2,5200,0,0,0,0,0,0

