APPTR,D28,28,KOMBU
IF,KOMBU,-4.191378,152.334178, ,0.0,0.0,2,3600,0,0,0,0,1,0
AF,CF28,-4.396869,152.556739,2,TOK,100.0,10.0,330.0,2,1500,0,0,0,0,0,0

APPTR,D28,28,WARNI
IF,WARNI,-4.501950,152.459181, ,0.0,0.0,2,3600,0,0,0,0,1,0
AF,CF28,-4.396869,152.556739,1,TOK,100.0,10.0,150.0,2,1500,0,0,0,0,0,0

FINAL,D28,28,D,3
IF,CF28,-4.396869,152.556739,TOK,100.0,10.0,2,1500,0,0,0,0,0,0
CF,GAZLE,-4.371700,152.477169,0,TOK,100.0,5.0,280.0,5.0,2,1500,0,0,0,0,2,0
CF,MA28,-4.351558,152.413517,0,TOK,100.0,0.0,280.0,4.0,1,631,0,0,0,0,3,0
CA,0,280.0,2,700,0,0,0,0,0,0
CI,2, ,0.0,100.0,0,0,0,0,0,0,0,0
AF,WARNI,-4.501950,152.459181,2,TOK,150.8,10.0,80.0,2,3600,0,0,0,0,0,0

APPTR,P28,28,YTKEA
IF,YTKEA,-4.328975,152.562775, ,0.0,0.0,2,3600,0,0,0,0,1,0
TF,YTKEI,-4.382881,152.523150,0, ,0.0,0.0,0.0,0.0,2,2500,0,0,0,0,1,0

APPTR,P28,28,YTKEC
IF,YTKEC,-4.449742,152.527314, ,0.0,0.0,2,3600,0,0,0,0,1,0
TF,YTKEI,-4.382881,152.523150,0, ,0.0,0.0,0.0,0.0,2,2500,0,0,0,0,1,0

FINAL,P28,28,G,3
IF,YTKEI,-4.382881,152.523150, ,0.0,0.0,2,2500,0,0,0,0,0,0
TF,YTKEF,-4.363939,152.459133,0, ,0.0,0.0,0.0,4.0,2,1500,0,0,0,0,2,0
TF,YTKEM,-4.344992,152.395119,0, ,0.0,0.0,0.0,4.0,1,260,0,0,0,0,3,0
CA,0,279.0,2,534,0,0,0,0,0,0
CA,0,294.0,2,700,0,0,0,0,0,0
CA,0,345.0,2,1800,0,0,0,0,0,0
DF,YTKEH,-4.297133,152.521961,2, ,0.0,0.0,2,3600,0,0,0,0,0,0

APPTR,R10-R,10,TOK
IF,TOK,-4.346533,152.397600, ,0.0,0.0,2,3600,0,0,0,0,1,0
FC,TOK,-4.346533,152.397600,0,TOK,0.0,0.0,133.0,10.5,2,2000,0,0,0,0,0,1
CF,FF330,-4.408417,152.423144,2,TOK,150.0,4.0,330.0,6.5,2,2000,0,0,0,0,0,0

FINAL,R10-R,10,G,2
IF,FF330,-4.408417,152.423144,TOK,150.0,4.0,2,2000,0,0,0,0,2,0
CF,TOK,-4.346533,152.397600,0,TOK,0.0,0.0,330.0,4.0,1,850,0,0,0,0,3,0
CA,0,330.0,2,2700,0,0,0,0,0,0
DF,TOK,-4.346533,152.397600,1, ,0.0,0.0,2,3600,0,0,0,0,0,0

APPTR,R28-R,28,TOK
IF,TOK,-4.346533,152.397600, ,0.0,0.0,2,3600,0,0,0,0,1,0
FC,TOK,-4.346533,152.397600,0,TOK,0.0,0.0,133.0,10.5,2,2000,0,0,0,0,0,1
CF,FF330,-4.408417,152.423144,2,TOK,150.0,4.0,330.0,6.5,2,2000,0,0,0,0,0,0

FINAL,R28-R,28,G,2
IF,FF330,-4.408417,152.423144,TOK,150.0,4.0,2,2000,0,0,0,0,2,0
CF,TOK,-4.346533,152.397600,0,TOK,0.0,0.0,330.0,4.0,1,850,0,0,0,0,3,0
CA,0,330.0,2,2700,0,0,0,0,0,0
DF,TOK,-4.346533,152.397600,1, ,0.0,0.0,2,3600,0,0,0,0,0,0

