APPTR,P10-C,10,YWKNA
IF,YWKNA,-3.368950,143.772211, ,0.0,0.0,2,2900,0,0,0,0,1,0
TF,YWKNI,-3.444842,143.807439,0, ,0.0,0.0,0.0,0.0,2,1700,0,0,0,0,1,0

APPTR,P10-C,10,YWKNC
IF,YWKNC,-3.385617,143.866353, ,0.0,0.0,2,2900,0,0,0,0,1,0
TF,YWKNI,-3.444842,143.807439,0, ,0.0,0.0,0.0,0.0,2,1700,0,0,0,0,1,0

APPTR,P10-C,10,YWKND
IF,YWKND,-3.480217,143.882972, ,0.0,0.0,2,2900,0,0,0,0,1,0
TF,YWKNI,-3.444842,143.807439,0, ,0.0,0.0,0.0,0.0,2,1700,0,0,0,0,1,0

FINAL,P10-C,10,G,3
IF,YWKNI,-3.444842,143.807439, ,0.0,0.0,2,1700,0,0,0,0,0,0
TF,YWKNF,-3.492219,143.760303,0, ,0.0,0.0,0.0,4.0,2,1000,0,0,0,0,2,0
TF,YWKNM,-3.551436,143.701375,0, ,0.0,0.0,0.0,5.0,1,750,0,0,0,0,3,0
CA,0,220.0,2,750,0,0,0,0,0,0
CF,YWKNH,-3.306867,143.808333,2,WK,20.6,18.3,24.0,17.0,2,2900,0,0,0,0,0,0

APPTR,P28-C,28,YWKNA
IF,YWKNA,-3.368950,143.772211, ,0.0,0.0,2,2900,0,0,0,0,1,0
TF,YWKNI,-3.444842,143.807439,0, ,0.0,0.0,0.0,0.0,2,1700,0,0,0,0,1,0

APPTR,P28-C,28,YWKNC
IF,YWKNC,-3.385617,143.866353, ,0.0,0.0,2,2900,0,0,0,0,1,0
TF,YWKNI,-3.444842,143.807439,0, ,0.0,0.0,0.0,0.0,2,1700,0,0,0,0,1,0

APPTR,P28-C,28,YWKND
IF,YWKND,-3.480217,143.882972, ,0.0,0.0,2,2900,0,0,0,0,1,0
TF,YWKNI,-3.444842,143.807439,0, ,0.0,0.0,0.0,0.0,2,1700,0,0,0,0,1,0

FINAL,P28-C,28,G,3
IF,YWKNI,-3.444842,143.807439, ,0.0,0.0,2,1700,0,0,0,0,0,0
TF,YWKNF,-3.492219,143.760303,0, ,0.0,0.0,0.0,4.0,2,1000,0,0,0,0,2,0
TF,YWKNM,-3.551436,143.701375,0, ,0.0,0.0,0.0,5.0,1,750,0,0,0,0,3,0
CA,0,220.0,2,750,0,0,0,0,0,0
CF,YWKNH,-3.306867,143.808333,2,WK,20.6,18.3,24.0,17.0,2,2900,0,0,0,0,0,0

APPTR,R10-M,10,D010N
IF,D010N,-3.357025,143.736336, ,0.0,0.0,0,0,0,0,0,0,1,0
AF,D040N,-3.417700,143.840939,2,WK,40.0,14.0,10.0,2,2500,0,0,0,0,0,0
CF,CF220,-3.441392,143.817372,0,WK,40.0,12.0,220.0,2.0,2,2500,0,0,0,0,0,0

APPTR,R10-M,10,D100N
IF,D100N,-3.644175,143.901383, ,0.0,0.0,0,0,0,0,0,0,1,0
AF,D040N,-3.417700,143.840939,1,WK,40.0,14.0,100.0,2,2500,0,0,0,0,0,0
CF,CF220,-3.441392,143.817372,0,WK,40.0,12.0,220.0,2.0,2,2500,0,0,0,0,0,0

FINAL,R10-M,10,G,3
IF,CF220,-3.441392,143.817372,WK,40.0,12.0,2,2500,0,0,0,0,0,0
CF,BORAM,-3.465081,143.793806,0,WK,40.0,10.0,220.0,2.0,2,2500,0,0,0,0,2,0
CF,MA220,-3.542067,143.717203,0,WK,40.0,3.5,220.0,6.5,1,750,0,0,0,0,3,0
CA,0,220.0,2,750,0,0,0,0,0,0
CI,2, ,0.0,40.0,2,2500,0,0,0,0,0,0
AF,D040N,-3.417700,143.840939,2,WK,40.0,14.0,20.0,0,0,0,0,0,0,0,0
CF,BORAM,-3.465081,143.793806,0,WK,40.0,10.0,220.0,4.0,0,0,0,0,0,0,0,0

APPTR,R28-M,28,D010N
IF,D010N,-3.357025,143.736336, ,0.0,0.0,0,0,0,0,0,0,1,0
AF,D040N,-3.417700,143.840939,2,WK,40.0,14.0,10.0,2,2500,0,0,0,0,0,0
CF,CF220,-3.441392,143.817372,0,WK,40.0,12.0,220.0,2.0,2,2500,0,0,0,0,0,0

APPTR,R28-M,28,D100N
IF,D100N,-3.644175,143.901383, ,0.0,0.0,0,0,0,0,0,0,1,0
AF,D040N,-3.417700,143.840939,1,WK,40.0,14.0,100.0,2,2500,0,0,0,0,0,0
CF,CF220,-3.441392,143.817372,0,WK,40.0,12.0,220.0,2.0,2,2500,0,0,0,0,0,0

FINAL,R28-M,28,G,3
IF,CF220,-3.441392,143.817372,WK,40.0,12.0,2,2500,0,0,0,0,0,0
CF,BORAM,-3.465081,143.793806,0,WK,40.0,10.0,220.0,2.0,2,2500,0,0,0,0,2,0
CF,MA220,-3.542067,143.717203,0,WK,40.0,3.5,220.0,6.5,1,750,0,0,0,0,3,0
CA,0,220.0,2,750,0,0,0,0,0,0
CI,2, ,0.0,40.0,2,2500,0,0,0,0,0,0
AF,D040N,-3.417700,143.840939,2,WK,40.0,14.0,20.0,0,0,0,0,0,0,0,0
CF,BORAM,-3.465081,143.793806,0,WK,40.0,10.0,220.0,4.0,0,0,0,0,0,0,0,0

