APPTR,L23-Y,23,NUTKA
IF,NUTKA,64.557222,-51.449167, ,0.0,0.0,0,0,0,0,0,0,0,0
TF,D043M,64.396781,-51.549547,0, ,0.0,0.0,0.0,0.0,2,3700,0,0,0,0,1,0
CF,CL23,64.332772,-51.590778,0,GN,42.7,9.0,223.0,4.0,2,2500,0,0,0,0,0,0

FINAL,L23-Y,23,D,4
IF,CL23,64.332772,-51.590778,GN,42.7,9.0,2,2500,0,0,0,0,0,0
CF,FF23,64.316564,-51.599283,0,GN,42.9,8.0,223.0,1.0,2,2500,0,0,0,0,2,0
CF,45LOC,64.260400,-51.633925,0,GN,42.9,4.5,223.0,3.5,2,1480,0,0,0,0,0,0
CF,ML23,64.217067,-51.660553,0,GN,43.0,1.8,223.0,2.7,1,687,0,0,0,0,3,1
DF,GH,64.179628,-51.749606,0, ,0.0,0.0,0,0,0,0,0,0,0,1
CA,0,255.0,2,3000,0,0,0,0,0,0
DF,GH,64.179628,-51.749606,2, ,0.0,0.0,1,4400,0,0,0,0,0,0
HM,GH,64.179628,-51.749606,1, ,0.0,0.0,52.0,04.3,0,0,0,0,0,0,0,0,0

FINAL,L23-Z,23,D,4
IF,CL23,64.332772,-51.590778,GN,42.7,9.0,2,2500,0,0,0,0,0,0
CF,FF23,64.316564,-51.599283,0,GN,42.9,8.0,223.0,1.0,2,2500,0,0,0,0,2,0
CF,45LOC,64.260400,-51.633925,0,GN,42.9,4.5,223.0,3.5,2,1480,0,0,0,0,0,0
CF,ML23,64.217067,-51.660553,0,GN,43.0,1.8,223.0,2.7,1,687,0,0,0,0,3,1
DF,GH,64.179628,-51.749606,0, ,0.0,0.0,0,0,0,0,0,0,0,1
CA,0,255.0,2,3000,0,0,0,0,0,0
DF,GH,64.179628,-51.749606,2, ,0.0,0.0,1,4400,0,0,0,0,0,0
HM,GH,64.179628,-51.749606,1, ,0.0,0.0,52.0,04.3,0,0,0,0,0,0,0,0,0

APPTR,R05-A,05,NIPOT
IF,NIPOT,63.947222,-51.916389, ,0.0,0.0,2,5500,0,1,130,0,1,0
TF,GONEN,63.975556,-51.738889,0, ,0.0,0.0,0.0,0.0,2,3900,0,0,0,0,1,0

APPTR,R05-A,05,UVIRI
IF,UVIRI,63.892500,-51.738889, ,0.0,0.0,2,5500,0,1,130,0,1,0
TF,GONEN,63.975556,-51.738889,0, ,0.0,0.0,0.0,0.0,2,3900,0,0,0,0,1,0

APPTR,R05-A,05,VAPAN
IF,VAPAN,63.947222,-51.561389, ,0.0,0.0,2,5500,0,1,130,0,1,0
TF,GONEN,63.975556,-51.738889,0, ,0.0,0.0,0.0,0.0,2,3900,0,0,0,0,1,0

FINAL,R05-A,05,G,3
IF,GONEN,63.975556,-51.738889, ,0.0,0.0,2,3900,0,0,0,0,0,0
TF,ELTUX,64.058611,-51.738889,0, ,0.0,0.0,28.0,5.0,2,2300,0,0,0,0,2,0
TF,ADMIP,64.141944,-51.738889,0, ,0.0,0.0,28.0,5.0,1,790,0,0,0,0,3,1
CA,0,28.0,2,790,0,0,0,0,0,0
DF,NIPOT,63.947222,-51.916389,1, ,0.0,0.0,1,5500,0,0,0,0,0,0
HM,NIPOT,63.947222,-51.916389,1, ,0.0,0.0,98.0,04.3,0,0,0,0,0,0,0,0,0

APPTR,R23-A,23,NIPOT
IF,NIPOT,63.947222,-51.916389, ,0.0,0.0,2,5500,0,1,130,0,1,0
TF,GONEN,63.975556,-51.738889,0, ,0.0,0.0,0.0,0.0,2,3900,0,0,0,0,1,0

APPTR,R23-A,23,UVIRI
IF,UVIRI,63.892500,-51.738889, ,0.0,0.0,2,5500,0,1,130,0,1,0
TF,GONEN,63.975556,-51.738889,0, ,0.0,0.0,0.0,0.0,2,3900,0,0,0,0,1,0

APPTR,R23-A,23,VAPAN
IF,VAPAN,63.947222,-51.561389, ,0.0,0.0,2,5500,0,1,130,0,1,0
TF,GONEN,63.975556,-51.738889,0, ,0.0,0.0,0.0,0.0,2,3900,0,0,0,0,1,0

FINAL,R23-A,23,G,3
IF,GONEN,63.975556,-51.738889, ,0.0,0.0,2,3900,0,0,0,0,0,0
TF,ELTUX,64.058611,-51.738889,0, ,0.0,0.0,28.0,5.0,2,2300,0,0,0,0,2,0
TF,ADMIP,64.141944,-51.738889,0, ,0.0,0.0,28.0,5.0,1,790,0,0,0,0,3,1
CA,0,28.0,2,790,0,0,0,0,0,0
DF,NIPOT,63.947222,-51.916389,1, ,0.0,0.0,1,5500,0,0,0,0,0,0
HM,NIPOT,63.947222,-51.916389,1, ,0.0,0.0,98.0,04.3,0,0,0,0,0,0,0,0,0

