FINAL,Q03-M,03,N,2
IF,FU180,81.724364,-16.950000,NO,0.0,0.0,2,2000,0,0,0,0,2,0
CF,MU180,81.623175,-16.693314,0,NOR,0.0,1.5,178.0,6.5,1,660,0,0,0,0,3,0
CA,0,178.0,2,660,0,0,0,0,0,0
DF,FU180,81.724364,-16.950000,2, ,0.0,0.0,1,2000,0,0,0,0,0,0

FINAL,Q21-M,21,N,2
IF,FU180,81.724364,-16.950000,NO,0.0,0.0,2,2000,0,0,0,0,2,0
CF,MU180,81.623175,-16.693314,0,NOR,0.0,1.5,178.0,6.5,1,660,0,0,0,0,3,0
CA,0,178.0,2,660,0,0,0,0,0,0
DF,FU180,81.724364,-16.950000,2, ,0.0,0.0,1,2000,0,0,0,0,0,0

APPTR,R21,21,NOIAE
IF,NOIAE,81.840333,-15.525633, ,0.0,0.0,2,6000,0,0,0,0,1,0
TF,NOIWP,81.790583,-16.636883,0, ,0.0,0.0,0.0,0.0,2,3000,0,0,0,0,1,0

APPTR,R21,21,NOIAW
IF,NOIAW,81.821283,-17.177767, ,0.0,0.0,2,4000,0,0,0,0,1,0
TF,NOIWP,81.790583,-16.636883,0, ,0.0,0.0,0.0,0.0,2,3000,0,0,0,0,1,0

FINAL,R21,21,G,3
IF,NOIWP,81.790583,-16.636883, ,0.0,0.0,2,3000,0,0,0,0,0,0
TF,NOFAP,81.707833,-16.655750,0, ,0.0,0.0,198.0,5.0,2,1800,0,0,0,0,2,0
TF,NOMPT,81.617331,-16.676236,0, ,0.0,0.0,198.0,5.5,1,255,0,0,0,0,3,1
CA,0,198.0,2,800,0,0,0,0,0,0
DF,NOIAW,81.821283,-17.177767,2, ,0.0,0.0,2,4000,0,0,0,0,0,0
HM,NOIAW,81.821283,-17.177767,2, ,0.0,0.0,129.0,04.3,2,4000,0,0,0,0,0,0,0

