SID,WENSA1,08,1
CA,0,8.5,2,660,0,0,0,0,0,0
CI,2, ,0.0,29.5,0,0,0,1,250,0,0,0
CF,WENSA,76.483611,-70.429231,0,THT,264.5,31.0,26.5,20.0,0,0,0,0,0,0,0,0

SID,WENSA1,26,1
CA,0,26.5,2,660,0,0,0,0,0,0
DF,WENSA,76.483611,-70.429231,0, ,0.0,0.0,0,0,0,0,0,0,0,0

APPTR,D08T,08T,EKCOR
HF,EKCOR,76.502197,-69.795158,2, ,0.0,0.0,8.4,04.3,2,5000,0,1,310,0,1,0,0

APPTR,D08T,08T,MAARE
IF,MAARE,76.907397,-68.239219, ,0.0,0.0,2,6000,0,0,0,0,1,0
AF,EKCOR,76.502197,-69.795158,1,THT,264.4,22.0,36.0,2,5000,0,0,0,0,1,0

APPTR,D08T,08T,MRTNN
IF,MRTNN,76.210783,-68.886147, ,0.0,0.0,2,6000,0,0,0,0,1,0
AF,EKCOR,76.502197,-69.795158,2,THT,264.4,22.0,20.5,2,5000,0,0,0,0,1,0

FINAL,D08T,08T,D,3
IF,EKCOR,76.502197,-69.795158,THT,264.4,22.0,2,5000,0,0,0,0,0,0
CF,JAGAN,76.520925,-69.117331,0,THT,264.4,12.4,8.4,9.6,2,1800,0,0,0,0,2,0
CF,FANUL,76.529078,-68.798981,0,THT,264.4,7.9,8.4,4.5,1,384,0,0,0,0,3,0
CF,ICBRG,76.531658,-68.664108,0,THT,264.0,6.0,8.4,1.9,0,0,0,0,0,0,0,0
VI,2, ,0.0,28.5,0,0,0,0,0,0,0,0
CF,EKCOR,76.502197,-69.795158,0,THT,264.4,22.0,26.4,6.0,1,5000,0,0,0,0,0,0
HM,EKCOR,76.502197,-69.795158,2, ,0.0,0.0,8.4,04.3,0,0,0,1,310,0,0,0,0

APPTR,I08TX,08T,HUXEL
HF,HUXEL,76.505756,-69.796978,2, ,0.0,0.0,8.5,04.3,2,4900,0,1,310,0,1,0,0

APPTR,I08TX,08T,MAARE
IF,MAARE,76.907397,-68.239219, ,0.0,0.0,2,6000,0,0,0,0,1,0
AF,D271V,76.543933,-69.807075,1,THT,271.0,22.0,36.0,2,4900,0,0,0,0,0,0
VI,0,IITL,0.0,11.5,0,0,0,0,0,0,0,0

APPTR,I08TX,08T,MRTNN
IF,MRTNN,76.210783,-68.886147, ,0.0,0.0,2,6000,0,0,0,0,1,0
AF,D259V,76.468122,-69.770033,2,THT,259.0,22.0,20.5,2,4900,0,0,0,0,0,0
VI,0,IITL,0.0,5.5,0,0,0,0,0,0,0,0

FINAL,I08TX,08T,I,3
IF,HUXEL,76.505756,-69.796978,IITL,264.9,16.4,2,4900,0,0,0,0,0,0
CF,BELLL,76.522325,-69.108358,0,IITL,264.9,6.7,8.5,9.7,1,1800,0,0,0,0,2,0
CF,RW08T,76.530008,-68.761503,0,IITL,265.0,1.8,8.5,4.9,1,219,0,0,0,0,3,0
CA,0,8.4,2,1100,0,0,0,0,0,0
DF,CUVEG,76.091361,-67.020375,2, ,0.0,0.0,2,9000,0,0,0,0,0,0

APPTR,I08TY,08T,HUXEL
HF,HUXEL,76.505756,-69.796978,2, ,0.0,0.0,8.5,04.3,2,4900,0,1,310,0,1,0,0

APPTR,I08TY,08T,MAARE
IF,MAARE,76.907397,-68.239219, ,0.0,0.0,2,6000,0,0,0,0,1,0
AF,D271V,76.543933,-69.807075,1,THT,271.0,22.0,36.0,2,4900,0,0,0,0,0,0
VI,0,IITL,0.0,11.5,0,0,0,0,0,0,0,0

APPTR,I08TY,08T,MRTNN
IF,MRTNN,76.210783,-68.886147, ,0.0,0.0,2,6000,0,0,0,0,1,0
AF,D259V,76.468122,-69.770033,2,THT,259.0,22.0,20.5,2,4900,0,0,0,0,0,0
VI,0,IITL,0.0,5.5,0,0,0,0,0,0,0,0

FINAL,I08TY,08T,I,3
IF,HUXEL,76.505756,-69.796978,IITL,264.9,16.4,2,4900,0,0,0,0,0,0
CF,BELLL,76.522325,-69.108358,0,IITL,264.9,6.7,8.5,9.7,1,1800,0,0,0,0,2,0
CF,RW08T,76.530008,-68.761503,0,IITL,265.0,1.8,8.5,4.9,1,219,0,0,0,0,3,0
CF,ICBRG,76.531658,-68.664108,0,THT,264.0,6.0,8.4,1.4,0,0,0,0,0,0,0,0
CI,2, ,0.0,29.0,0,0,0,0,0,0,0,0
CF,HUXEL,76.505756,-69.796978,0,THT,265.0,22.0,26.5,7.0,2,5000,0,0,0,0,0,0
HM,HUXEL,76.505756,-69.796978,2, ,0.0,0.0,8.5,04.3,3,8000,0,1,310,0,0,0,0

APPTR,I08TZ,08T,HUXEL
HF,HUXEL,76.505756,-69.796978,2, ,0.0,0.0,8.5,04.3,2,4900,0,1,310,0,1,0,0

APPTR,I08TZ,08T,MAARE
IF,MAARE,76.907397,-68.239219, ,0.0,0.0,2,6000,0,0,0,0,1,0
AF,D271V,76.543933,-69.807075,1,THT,271.0,22.0,36.0,2,4900,0,0,0,0,0,0
VI,0,IITL,0.0,11.5,0,0,0,0,0,0,0,0

APPTR,I08TZ,08T,MRTNN
IF,MRTNN,76.210783,-68.886147, ,0.0,0.0,2,6000,0,0,0,0,1,0
AF,D259V,76.468122,-69.770033,2,THT,259.0,22.0,20.5,2,4900,0,0,0,0,0,0
VI,0,IITL,0.0,5.5,0,0,0,0,0,0,0,0

FINAL,I08TZ,08T,I,3
IF,HUXEL,76.505756,-69.796978,IITL,264.9,16.4,2,4900,0,0,0,0,0,0
CF,BELLL,76.522325,-69.108358,0,IITL,264.9,6.7,8.5,9.7,1,1800,0,0,0,0,2,0
CF,RW08T,76.530008,-68.761503,0,IITL,265.0,1.8,8.5,4.9,1,219,0,0,0,0,3,0
CF,ICBRG,76.531658,-68.664108,0,THT,264.0,6.0,8.4,1.4,0,0,0,0,0,0,0,0
CI,2, ,0.0,29.0,0,0,0,0,0,0,0,0
CF,HUXEL,76.505756,-69.796978,0,THT,265.0,22.0,26.5,9.0,2,5000,0,0,0,0,0,0
HM,HUXEL,76.505756,-69.796978,2, ,0.0,0.0,8.5,04.3,3,8000,0,1,310,0,0,0,0

APPTR,R08T,08T,MAARE
IF,MAARE,76.907397,-68.239219, ,0.0,0.0,2,6000,0,0,0,0,0,0
TF,NUTEE,76.669853,-69.901522,0, ,0.0,0.0,0.0,0.0,2,6000,0,0,0,0,1,0
TF,SUNDD,76.504964,-69.822717,0, ,0.0,0.0,0.0,0.0,2,5000,0,0,0,0,1,0

APPTR,R08T,08T,MRTNN
IF,MRTNN,76.210783,-68.886147, ,0.0,0.0,2,8000,0,0,0,0,0,0
TF,CASBI,76.340047,-69.745778,0, ,0.0,0.0,0.0,0.0,2,5000,0,0,0,0,1,0
TF,SUNDD,76.504964,-69.822717,0, ,0.0,0.0,0.0,0.0,2,5000,0,0,0,0,1,0

APPTR,R08T,08T,SUNDD
HF,SUNDD,76.504964,-69.822717,2, ,0.0,0.0,8.4,08,2,5000,0,1,310,0,1,0,0

FINAL,R08T,08T,G,3
IF,SUNDD,76.504964,-69.822717, ,0.0,0.0,2,5000,0,0,0,0,0,0
TF,BELLL,76.522325,-69.108358,0, ,0.0,0.0,8.4,10.1,2,1800,0,0,0,0,2,0
TF,RW08T,76.530008,-68.761503,0, ,0.0,0.0,8.4,4.9,1,217,0,0,0,0,3,1
CA,0,8.4,2,660,0,0,0,0,0,0
DF,SUNDD,76.504964,-69.822717,2, ,0.0,0.0,1,5000,0,0,0,0,0,0
HM,SUNDD,76.504964,-69.822717,2, ,0.0,0.0,8.4,02,0,0,0,1,310,0,0,0,0

APPTR,T08T,08T,EKCOR
HF,EKCOR,76.502197,-69.795158,2, ,0.0,0.0,8.4,04.3,2,5000,0,1,310,0,1,0,0

APPTR,T08T,08T,MAARE
IF,MAARE,76.907397,-68.239219, ,0.0,0.0,2,6000,0,0,0,0,1,0
AF,EKCOR,76.502197,-69.795158,1,THT,264.4,22.0,36.0,2,5000,0,0,0,0,1,0

APPTR,T08T,08T,MRTNN
IF,MRTNN,76.210783,-68.886147, ,0.0,0.0,2,6000,0,0,0,0,1,0
AF,EKCOR,76.502197,-69.795158,2,THT,264.4,22.0,20.5,2,5000,0,0,0,0,1,0

FINAL,T08T,08T,D,3
IF,EKCOR,76.502197,-69.795158,THT,264.4,22.0,2,5000,0,0,0,0,0,0
CF,JAGAN,76.520925,-69.117331,0,THT,264.4,12.4,8.4,9.6,2,1800,0,0,0,0,2,0
CF,FANUL,76.529078,-68.798981,0,THT,264.4,7.9,8.4,4.5,1,384,0,0,0,0,3,0
CF,ICBRG,76.531658,-68.664108,0,THT,264.0,6.0,8.4,1.9,0,0,0,0,0,0,0,0
VI,2, ,0.0,28.5,0,0,0,0,0,0,0,0
CF,EKCOR,76.502197,-69.795158,0,THT,264.4,22.0,26.4,6.0,1,5000,0,0,0,0,0,0
HM,EKCOR,76.502197,-69.795158,2, ,0.0,0.0,8.4,04.3,0,0,0,1,310,0,0,0,0

