SID,DELE1A,01,5
CF,KF218,64.063308,-22.605378,0,KFV,18.0,4.9,14.0,4.3,0,0,0,0,0,0,0,0
TF,KF267,64.062253,-23.138747,0, ,0.0,0.0,0.0,0.0,0,0,0,0,0,0,0,0
TF,KF269,63.658667,-24.170656,0, ,0.0,0.0,0.0,0.0,3,6000,0,0,0,0,0,0
TF,KF283,63.578872,-24.369017,0, ,0.0,0.0,0.0,0.0,3,12000,0,0,0,0,0,0
TF,DELES,63.494636,-24.576475,0, ,0.0,0.0,0.0,0.0,0,0,0,0,0,0,0,0

SID,DELE1B,11,5
CF,KF272,63.984922,-22.428997,0,KFV,103.5,4.9,104.0,4.3,0,0,0,0,0,0,0,0
TF,KF273,64.067983,-22.428692,0, ,0.0,0.0,0.0,0.0,0,0,0,0,0,0,0,0
TF,KF274,64.067722,-22.656489,0, ,0.0,0.0,0.0,0.0,0,0,0,0,0,0,0,0
TF,KF271,63.996053,-22.847531,0, ,0.0,0.0,0.0,0.0,2,7000,0,0,0,0,0,0
TF,KF281,63.908294,-23.079228,0, ,0.0,0.0,0.0,0.0,2,10000,0,0,0,0,0,0
TF,KF282,63.840039,-23.257750,0, ,0.0,0.0,0.0,0.0,2,11000,0,0,0,0,0,0
TF,DELES,63.494636,-24.576475,0, ,0.0,0.0,0.0,0.0,0,0,0,0,0,0,0,0

SID,DELE1C,19,5
CF,KF285,63.893036,-22.605508,0,KFV,192.3,5.4,194.0,4.3,0,0,0,1,220,0,0,0
TF,KF287,63.662125,-23.770950,0, ,0.0,0.0,0.0,0.0,3,7000,0,0,0,0,0,0
TF,KF288,63.627647,-23.939367,0, ,0.0,0.0,0.0,0.0,3,12000,0,0,0,0,0,0
TF,DELES,63.494636,-24.576475,0, ,0.0,0.0,0.0,0.0,0,0,0,0,0,0,0,0

SID,DELE1D,29,5
CF,KF255,63.984958,-22.776047,0,KFV,286.8,4.3,284.0,3.2,0,0,0,0,0,0,0,0
TF,KF256,63.651083,-24.017728,0, ,0.0,0.0,0.0,0.0,3,11000,0,0,0,0,0,0
TF,KF257,63.583144,-24.262100,0, ,0.0,0.0,0.0,0.0,3,14000,0,0,0,0,0,0
TF,DELES,63.494636,-24.576475,0, ,0.0,0.0,0.0,0.0,0,0,0,0,0,0,0,0

SID,LUTE1A,01,5
CF,KF218,64.063308,-22.605378,0,KFV,18.0,4.9,14.0,4.3,0,0,0,0,0,0,0,0
TF,KF211,64.063003,-22.415714,0, ,0.0,0.0,0.0,0.0,0,0,0,0,0,0,0,0
TF,KF219,64.083944,-21.753153,0, ,0.0,0.0,0.0,0.0,2,12000,0,0,0,0,0,0
TF,KF233,64.099428,-21.186114,0, ,0.0,0.0,0.0,0.0,2,15000,0,0,0,0,0,0
TF,KF234,64.109775,-20.751794,0, ,0.0,0.0,0.0,0.0,2,17000,0,0,0,0,0,0
TF,LUTER,64.117961,-20.361033,0, ,0.0,0.0,0.0,0.0,0,0,0,0,0,0,0,0

SID,LUTE1B,11,5
CF,KF272,63.984922,-22.428997,0,KFV,103.5,4.9,104.0,4.3,0,0,0,0,0,0,0,0
TF,KF249,64.034022,-21.719975,0, ,0.0,0.0,0.0,0.0,2,10000,0,0,0,0,0,0
TF,LUTER,64.117961,-20.361033,0, ,0.0,0.0,0.0,0.0,0,0,0,0,0,0,0,0

SID,LUTE1C,19,5
CA,0,194.0,2,1000,0,0,0,0,0,0
DF,KF244,63.837281,-22.006289,0, ,0.0,0.0,4,5000,4000,0,0,0,0,0
TF,KF223,63.843844,-21.576336,0, ,0.0,0.0,0.0,0.0,3,7000,0,0,0,0,0,0
TF,KF248,64.069406,-20.581444,0, ,0.0,0.0,0.0,0.0,1,10000,0,0,0,0,0,0
TF,LUTER,64.117961,-20.361033,0, ,0.0,0.0,0.0,0.0,0,0,0,0,0,0,0,0

SID,LUTE1D,29,5
CF,KF235,63.984936,-22.794961,0,KFV,286.6,4.8,284.0,3.7,0,0,0,1,210,0,0,0
TF,KF236,63.901875,-22.794431,0, ,0.0,0.0,0.0,0.0,0,0,0,1,240,0,0,0
TF,KF237,63.895119,-22.534194,0, ,0.0,0.0,0.0,0.0,2,6000,0,0,0,0,0,0
TF,ADOVA,63.983667,-22.000056,0, ,0.0,0.0,0.0,0.0,2,11000,0,0,0,0,0,0
TF,KF253,64.084717,-21.206872,0, ,0.0,0.0,0.0,0.0,2,15000,0,0,0,0,0,0
TF,LUTER,64.117961,-20.361033,0, ,0.0,0.0,0.0,0.0,0,0,0,0,0,0,0,0

SID,LUTE1F,11,5
CF,KF272,63.984922,-22.428997,0,KFV,103.5,4.9,104.0,4.3,0,0,0,0,0,0,0,0
TF,KF254,64.070292,-21.158900,0, ,0.0,0.0,0.0,0.0,2,15000,0,0,0,0,0,0
TF,KF102,64.093403,-20.781617,0, ,0.0,0.0,0.0,0.0,2,17000,0,0,0,0,0,0
TF,LUTER,64.117961,-20.361033,0, ,0.0,0.0,0.0,0.0,0,0,0,0,0,0,0,0

SID,OSKU1B,11,5
CF,KF272,63.984922,-22.428997,0,KFV,103.5,4.9,104.0,4.3,0,0,0,0,0,0,0,0
TF,KF221,63.930364,-22.094583,0, ,0.0,0.0,0.0,0.0,3,6000,0,0,0,0,0,0
TF,KF222,63.890158,-21.851950,0, ,0.0,0.0,0.0,0.0,3,7000,0,0,0,0,0,0
TF,KF223,63.843844,-21.576336,0, ,0.0,0.0,0.0,0.0,3,10000,0,0,0,0,0,0
TF,KF224,63.805053,-21.232967,0, ,0.0,0.0,0.0,0.0,3,13000,0,0,0,0,0,0
TF,OSKUM,63.712222,-20.442778,0, ,0.0,0.0,0.0,0.0,0,0,0,0,0,0,0,0

SID,OSKU1C,19,5
CA,0,194.0,2,1000,0,0,0,0,0,0
DF,KF244,63.837281,-22.006289,0, ,0.0,0.0,4,5000,4000,0,0,0,0,0
TF,KF245,63.807161,-21.473508,0, ,0.0,0.0,0.0,0.0,3,7000,0,0,0,0,0,0
TF,KF246,63.779192,-21.008442,0, ,0.0,0.0,0.0,0.0,3,10000,0,0,0,0,0,0
TF,OSKUM,63.712222,-20.442778,0, ,0.0,0.0,0.0,0.0,0,0,0,0,0,0,0,0

SID,OSKU1D,29,5
CF,KF235,63.984936,-22.794961,0,KFV,286.6,4.8,284.0,3.7,0,0,0,1,210,0,0,0
TF,KF236,63.901875,-22.794431,0, ,0.0,0.0,0.0,0.0,0,0,0,1,240,0,0,0
TF,KF237,63.895119,-22.534194,0, ,0.0,0.0,0.0,0.0,2,6000,0,0,0,0,0,0
TF,OLGES,63.884592,-22.160597,0, ,0.0,0.0,0.0,0.0,2,10000,0,0,0,0,0,0
TF,KF238,63.863439,-21.890081,0, ,0.0,0.0,0.0,0.0,2,12000,0,0,0,0,0,0
TF,KF251,63.860242,-21.702397,0, ,0.0,0.0,0.0,0.0,2,13000,0,0,0,0,0,0
TF,KF252,63.847611,-21.068228,0, ,0.0,0.0,0.0,0.0,2,16000,0,0,0,0,0,0
TF,OSKUM,63.712222,-20.442778,0, ,0.0,0.0,0.0,0.0,0,0,0,0,0,0,0,0

SID,OSKU1F,11,5
CF,KF272,63.984922,-22.428997,0,KFV,103.5,4.9,104.0,4.3,0,0,0,0,0,0,0,0
TF,KF227,63.965397,-21.651692,0, ,0.0,0.0,0.0,0.0,2,12000,0,0,0,0,0,0
TF,KF228,63.862300,-21.463575,0, ,0.0,0.0,0.0,0.0,2,14000,0,0,0,0,0,0
TF,KF229,63.772078,-21.108867,0, ,0.0,0.0,0.0,0.0,2,16000,0,0,0,0,0,0
TF,OSKUM,63.712222,-20.442778,0, ,0.0,0.0,0.0,0.0,0,0,0,0,0,0,0,0

SID,OSKU2A,01,5
CF,KF218,64.063308,-22.605378,0,KFV,18.0,4.9,14.0,4.3,0,0,0,0,0,0,0,0
TF,KF211,64.063003,-22.415714,0, ,0.0,0.0,0.0,0.0,0,0,0,0,0,0,0,0
TF,KF216,63.933286,-21.823028,0, ,0.0,0.0,0.0,0.0,2,12000,0,0,0,0,0,0
TF,KF217,63.853258,-21.465497,0, ,0.0,0.0,0.0,0.0,2,14000,0,0,0,0,0,0
TF,KF229,63.772078,-21.108867,0, ,0.0,0.0,0.0,0.0,2,16000,0,0,0,0,0,0
TF,OSKUM,63.712222,-20.442778,0, ,0.0,0.0,0.0,0.0,0,0,0,0,0,0,0,0

SID,PIXU1A,01,5
CF,KF218,64.063308,-22.605378,0,KFV,18.0,4.9,14.0,4.3,0,0,0,0,0,0,0,0
TF,KF211,64.063003,-22.415714,0, ,0.0,0.0,0.0,0.0,0,0,0,0,0,0,0,0
TF,KOPUM,63.810147,-22.098542,0, ,0.0,0.0,0.0,0.0,2,12000,0,0,0,0,0,0
TF,KF214,63.716575,-21.923078,0, ,0.0,0.0,0.0,0.0,2,13000,0,0,0,0,0,0
TF,KF215,63.564117,-21.640522,0, ,0.0,0.0,0.0,0.0,0,0,0,0,0,0,0,0
TF,PIXUM,63.358206,-20.872761,0, ,0.0,0.0,0.0,0.0,0,0,0,0,0,0,0,0

SID,PIXU1B,11,5
CF,KF272,63.984922,-22.428997,0,KFV,103.5,4.9,104.0,4.3,0,0,0,0,0,0,0,0
TF,KF221,63.930364,-22.094583,0, ,0.0,0.0,0.0,0.0,3,6000,0,0,0,0,0,0
TF,KF222,63.890158,-21.851950,0, ,0.0,0.0,0.0,0.0,3,7000,0,0,0,0,0,0
TF,KF223,63.843844,-21.576336,0, ,0.0,0.0,0.0,0.0,3,10000,0,0,0,0,0,0
TF,KF225,63.619692,-21.247956,0, ,0.0,0.0,0.0,0.0,3,13000,0,0,0,0,0,0
TF,KF226,63.533656,-21.123586,0, ,0.0,0.0,0.0,0.0,3,16000,0,0,0,0,0,0
TF,PIXUM,63.358206,-20.872761,0, ,0.0,0.0,0.0,0.0,0,0,0,0,0,0,0,0

SID,PIXU1C,19,5
CA,0,194.0,2,1000,0,0,0,0,0,0
DF,KF241,63.723839,-22.043958,0, ,0.0,0.0,3,6000,0,0,0,0,0,0
TF,KF242,63.615756,-21.691297,0, ,0.0,0.0,0.0,0.0,3,10000,0,0,0,0,0,0
TF,KF243,63.504531,-21.333928,0, ,0.0,0.0,0.0,0.0,3,12000,0,0,0,0,0,0
TF,PIXUM,63.358206,-20.872761,0, ,0.0,0.0,0.0,0.0,0,0,0,0,0,0,0,0

SID,PIXU1D,29,5
CF,KF235,63.984936,-22.794961,0,KFV,286.6,4.8,284.0,3.7,0,0,0,1,210,0,0,0
TF,KF236,63.901875,-22.794431,0, ,0.0,0.0,0.0,0.0,0,0,0,1,240,0,0,0
TF,KF237,63.895119,-22.534194,0, ,0.0,0.0,0.0,0.0,2,6000,0,0,0,0,0,0
TF,OLGES,63.884592,-22.160597,0, ,0.0,0.0,0.0,0.0,2,10000,0,0,0,0,0,0
TF,KF238,63.863439,-21.890081,0, ,0.0,0.0,0.0,0.0,2,12000,0,0,0,0,0,0
TF,KF239,63.750881,-21.683383,0, ,0.0,0.0,0.0,0.0,2,14000,0,0,0,0,0,0
TF,PIXUM,63.358206,-20.872761,0, ,0.0,0.0,0.0,0.0,0,0,0,0,0,0,0,0

SID,RALO1B,11,5
CF,KF272,63.984922,-22.428997,0,KFV,103.5,4.9,104.0,4.3,0,0,0,0,0,0,0,0
TF,KF273,64.067983,-22.428692,0, ,0.0,0.0,0.0,0.0,0,0,0,0,0,0,0,0
TF,KF274,64.067722,-22.656489,0, ,0.0,0.0,0.0,0.0,0,0,0,0,0,0,0,0
TF,KF275,64.066997,-22.913906,0, ,0.0,0.0,0.0,0.0,2,7000,0,0,0,0,0,0
TF,KF277,64.034189,-23.216789,0, ,0.0,0.0,0.0,0.0,2,10000,0,0,0,0,0,0
TF,KF278,63.993511,-23.583492,0, ,0.0,0.0,0.0,0.0,2,12000,0,0,0,0,0,0
TF,KF279,63.935922,-24.087103,0, ,0.0,0.0,0.0,0.0,2,14000,0,0,0,0,0,0
TF,RALOV,63.882997,-24.867733,0, ,0.0,0.0,0.0,0.0,0,0,0,0,0,0,0,0

SID,RALO1C,19,5
CF,KF285,63.893036,-22.605508,0,KFV,192.3,5.4,194.0,4.3,0,0,0,1,220,0,0,0
TF,KF297,63.893275,-23.532269,0, ,0.0,0.0,0.0,0.0,3,5000,0,0,0,0,0,0
TF,KF298,63.892406,-23.759197,0, ,0.0,0.0,0.0,0.0,3,7000,0,0,0,0,0,0
TF,KF291,63.891333,-23.981989,0, ,0.0,0.0,0.0,0.0,3,10000,0,0,0,0,0,0
TF,KF292,63.889147,-24.274208,0, ,0.0,0.0,0.0,0.0,3,12000,0,0,0,0,0,0
TF,KF293,63.887536,-24.458053,0, ,0.0,0.0,0.0,0.0,3,14000,0,0,0,0,0,0
TF,RALOV,63.882997,-24.867733,0, ,0.0,0.0,0.0,0.0,0,0,0,0,0,0,0,0

SID,RALO1D,29,5
CF,KF255,63.984958,-22.776047,0,KFV,286.8,4.3,284.0,3.2,0,0,0,0,0,0,0,0
TF,RALOV,63.882997,-24.867733,0, ,0.0,0.0,0.0,0.0,0,0,0,0,0,0,0,0

SID,RALO2A,01,5
CF,KF218,64.063308,-22.605378,0,KFV,18.0,4.9,14.0,4.3,0,0,0,0,0,0,0,0
TF,KF267,64.062253,-23.138747,0, ,0.0,0.0,0.0,0.0,0,0,0,0,0,0,0,0
TF,KF284,64.060619,-23.484453,0, ,0.0,0.0,0.0,0.0,3,6000,0,0,0,0,0,0
TF,KF261,64.057622,-23.908497,0, ,0.0,0.0,0.0,0.0,0,0,0,0,0,0,0,0
TF,KF262,64.002622,-24.215753,0, ,0.0,0.0,0.0,0.0,3,7000,0,0,0,0,0,0
TF,KF263,63.968392,-24.404542,0, ,0.0,0.0,0.0,0.0,3,10000,0,0,0,0,0,0
TF,KF264,63.935842,-24.582397,0, ,0.0,0.0,0.0,0.0,3,12000,0,0,0,0,0,0
TF,RALOV,63.882997,-24.867733,0, ,0.0,0.0,0.0,0.0,0,0,0,0,0,0,0,0

SID,SORI1B,11,5
CF,KF272,63.984922,-22.428997,0,KFV,103.5,4.9,104.0,4.3,0,0,0,0,0,0,0,0
TF,KF273,64.067983,-22.428692,0, ,0.0,0.0,0.0,0.0,0,0,0,0,0,0,0,0
TF,KF274,64.067722,-22.656489,0, ,0.0,0.0,0.0,0.0,0,0,0,0,0,0,0,0
TF,KF275,64.066997,-22.913906,0, ,0.0,0.0,0.0,0.0,2,7000,0,0,0,0,0,0
TF,KF276,64.118622,-23.203244,0, ,0.0,0.0,0.0,0.0,2,10000,0,0,0,0,0,0
TF,KF266,64.181139,-23.559525,0, ,0.0,0.0,0.0,0.0,2,12000,0,0,0,0,0,0
TF,SORIR,64.403514,-24.692089,0, ,0.0,0.0,0.0,0.0,0,0,0,0,0,0,0,0

SID,SORI1C,19,5
CF,KF285,63.893036,-22.605508,0,KFV,192.3,5.4,194.0,4.3,0,0,0,1,220,0,0,0
TF,KF289,63.893569,-22.794011,0, ,0.0,0.0,0.0,0.0,0,0,0,0,0,0,0,0
TF,KF294,64.107522,-23.570667,0, ,0.0,0.0,0.0,0.0,3,5000,0,0,0,0,0,0
TF,KF295,64.202381,-23.923894,0, ,0.0,0.0,0.0,0.0,3,6000,0,0,0,0,0,0
TF,KF296,64.249397,-24.101092,0, ,0.0,0.0,0.0,0.0,3,10000,0,0,0,0,0,0
TF,SORIR,64.403514,-24.692089,0, ,0.0,0.0,0.0,0.0,0,0,0,0,0,0,0,0

SID,SORI1D,29,5
CF,KF255,63.984958,-22.776047,0,KFV,286.8,4.3,284.0,3.2,0,0,0,0,0,0,0,0
TF,KF258,64.159322,-23.396528,0, ,0.0,0.0,0.0,0.0,3,6000,0,0,0,0,0,0
TF,KF259,64.217053,-23.605839,0, ,0.0,0.0,0.0,0.0,3,12000,0,0,0,0,0,0
TF,SORIR,64.403514,-24.692089,0, ,0.0,0.0,0.0,0.0,0,0,0,0,0,0,0,0

SID,SORI2A,01,5
CF,KF218,64.063308,-22.605378,0,KFV,18.0,4.9,15.0,4.3,0,0,0,0,0,0,0,0
TF,KF266,64.181139,-23.559525,0, ,0.0,0.0,0.0,0.0,1,6000,0,0,0,0,0,0
TF,SORIR,64.403514,-24.692089,0, ,0.0,0.0,0.0,0.0,0,0,0,0,0,0,0,0

STAR,ASRU1H,29,5
IF,ASRUN,63.557494,-20.581761, ,0.0,0.0,0,0,0,0,0,0,0,0
TF,DISMO,63.749231,-21.208753,0, ,0.0,0.0,0.0,0.0,3,14000,0,0,0,0,0,0
TF,KF124,63.822328,-21.452622,0, ,0.0,0.0,0.0,0.0,3,12000,0,0,0,0,0,0
TF,KF125,63.925653,-21.802239,0, ,0.0,0.0,0.0,0.0,4,7000,5000,0,0,0,0,0
TF,ADOVA,63.983667,-22.000056,0, ,0.0,0.0,0.0,0.0,4,6000,3500,1,230,0,0,0

STAR,ASRU1K,19,5
IF,ASRUN,63.557494,-20.581761, ,0.0,0.0,0,0,0,0,0,0,0,0
TF,KF156,63.666394,-21.075072,0, ,0.0,0.0,0.0,0.0,2,15000,0,0,0,0,0,0
TF,RAVLA,63.856800,-21.615722,0, ,0.0,0.0,0.0,0.0,2,11000,0,0,0,0,0,0
TF,KF158,63.917844,-21.790428,0, ,0.0,0.0,0.0,0.0,2,10000,0,0,0,0,0,0
TF,KF159,64.015797,-22.077483,0, ,0.0,0.0,0.0,0.0,2,7000,0,0,0,0,0,0
TF,KF155,64.093703,-22.307278,0, ,0.0,0.0,0.0,0.0,2,4500,0,0,0,0,0,0
TF,ELVUM,64.162953,-22.426431,0, ,0.0,0.0,0.0,0.0,2,3500,0,1,220,0,0,0

STAR,ASRU1M,11,5
IF,ASRUN,63.557494,-20.581761, ,0.0,0.0,0,0,0,0,0,0,0,0
TF,KF188,63.648186,-21.172672,0, ,0.0,0.0,0.0,0.0,2,17000,0,0,0,0,0,0
TF,KF189,63.690628,-21.456208,0, ,0.0,0.0,0.0,0.0,2,15000,0,0,0,0,0,0
TF,LALTI,63.732503,-21.740597,0, ,0.0,0.0,0.0,0.0,2,13000,0,0,0,0,0,0
TF,KF187,63.864589,-22.914075,0, ,0.0,0.0,0.0,0.0,3,6000,0,0,0,0,0,0
TF,SONAX,63.906342,-23.050219,0, ,0.0,0.0,0.0,0.0,2,3500,0,1,220,0,0,0

STAR,ASRU1Q,01,5
IF,ASRUN,63.557494,-20.581761, ,0.0,0.0,0,0,0,0,0,0,0,0
TF,TIMLU,63.628842,-21.168333,0, ,0.0,0.0,0.0,0.0,2,10000,0,0,0,0,0,0
TF,KF115,63.702497,-21.541053,0, ,0.0,0.0,0.0,0.0,3,12000,0,0,0,0,0,0
TF,KOPUM,63.810147,-22.098542,0, ,0.0,0.0,0.0,0.0,2,5000,0,0,0,0,0,0
TF,GARGI,63.816578,-22.286861,0, ,0.0,0.0,0.0,0.0,2,3500,0,1,230,0,0,0

STAR,ASRU2N,01,5
IF,ASRUN,63.557494,-20.581761, ,0.0,0.0,0,0,0,0,0,0,0,0
TF,TIMLU,63.628842,-21.168333,0, ,0.0,0.0,0.0,0.0,2,10000,0,0,0,0,0,0
TF,KF113,63.675011,-21.560628,0, ,0.0,0.0,0.0,0.0,3,12000,0,0,0,0,0,0
TF,DEXON,63.767536,-22.380411,0, ,0.0,0.0,0.0,0.0,2,3500,0,1,230,0,0,0

STAR,BASL1H,29,5
IF,BASLU,63.188744,-21.272142, ,0.0,0.0,0,0,0,0,0,0,0,0
TF,GIPSI,63.518969,-21.687450,0, ,0.0,0.0,0.0,0.0,0,0,0,0,0,0,0,0
TF,KF121,63.643211,-21.846625,0, ,0.0,0.0,0.0,0.0,3,12000,0,0,0,0,0,0
TF,KF122,63.761444,-21.999631,0, ,0.0,0.0,0.0,0.0,3,9000,0,0,0,0,0,0
TF,OLGES,63.884592,-22.160597,0, ,0.0,0.0,0.0,0.0,4,5000,3500,1,230,0,0,0

STAR,BASL1K,19,5
IF,BASLU,63.188744,-21.272142, ,0.0,0.0,0,0,0,0,0,0,0,0
TF,KF151,63.628775,-21.765789,0, ,0.0,0.0,0.0,0.0,2,13000,0,0,0,0,0,0
TF,BETLU,63.748378,-21.903386,0, ,0.0,0.0,0.0,0.0,2,11000,0,0,0,0,0,0
TF,KF244,63.837281,-22.006289,0, ,0.0,0.0,0.0,0.0,2,10000,0,0,0,0,0,0
TF,KF154,63.980947,-22.174153,0, ,0.0,0.0,0.0,0.0,2,7000,0,0,0,0,0,0
TF,KF155,64.093703,-22.307278,0, ,0.0,0.0,0.0,0.0,2,4500,0,0,0,0,0,0
TF,ELVUM,64.162953,-22.426431,0, ,0.0,0.0,0.0,0.0,2,3500,0,1,220,0,0,0

STAR,BASL1M,11,5
IF,BASLU,63.188744,-21.272142, ,0.0,0.0,0,0,0,0,0,0,0,0
TF,PEKUS,63.508808,-22.034219,0, ,0.0,0.0,0.0,0.0,2,13000,0,0,0,0,0,0
TF,KF187,63.864589,-22.914075,0, ,0.0,0.0,0.0,0.0,3,6000,0,0,0,0,0,0
TF,SONAX,63.906342,-23.050219,0, ,0.0,0.0,0.0,0.0,2,3500,0,1,220,0,0,0

STAR,BASL2N,01,5
IF,BASLU,63.188744,-21.272142, ,0.0,0.0,0,0,0,0,0,0,0,0
TF,ELSIG,63.366850,-21.606636,0, ,0.0,0.0,0.0,0.0,2,10000,0,0,0,0,0,0
TF,DEXON,63.767536,-22.380411,0, ,0.0,0.0,0.0,0.0,2,3500,0,1,230,0,0,0

STAR,BASL2Q,01,5
IF,BASLU,63.188744,-21.272142, ,0.0,0.0,0,0,0,0,0,0,0,0
TF,ELSIG,63.366850,-21.606636,0, ,0.0,0.0,0.0,0.0,2,10000,0,0,0,0,0,0
TF,SOPAR,63.697961,-22.605656,0, ,0.0,0.0,0.0,0.0,2,3500,0,1,230,0,0,0

STAR,BIRN1H,29,5
IF,BIRNA,63.333056,-24.316067, ,0.0,0.0,0,0,0,0,0,0,0,0
TF,ADBAR,63.652750,-22.940283,0, ,0.0,0.0,0.0,0.0,0,0,0,0,0,0,0,0
TF,KF372,63.774836,-22.390469,0, ,0.0,0.0,0.0,0.0,3,7000,0,0,0,0,0,0
TF,OLGES,63.884592,-22.160597,0, ,0.0,0.0,0.0,0.0,4,5000,3500,1,230,0,0,0

STAR,BIRN1K,19,5
IF,BIRNA,63.333056,-24.316067, ,0.0,0.0,0,0,0,0,0,0,0,0
TF,KF166,63.535106,-23.764747,0, ,0.0,0.0,0.0,0.0,2,15000,0,0,0,0,0,0
TF,KF169,63.656350,-23.579611,0, ,0.0,0.0,0.0,0.0,2,13000,0,0,0,0,0,0
TF,GARSU,63.777339,-23.392892,0, ,0.0,0.0,0.0,0.0,2,11000,0,0,0,0,0,0
TF,KF177,63.845778,-23.286392,0, ,0.0,0.0,0.0,0.0,2,10000,0,0,0,0,0,0
TF,KF195,64.067692,-22.936567,0, ,0.0,0.0,0.0,0.0,2,6000,0,0,0,0,0,0
TF,VALUX,64.163008,-22.784169,0, ,0.0,0.0,0.0,0.0,2,3500,0,1,220,0,0,0

STAR,BIRN1M,11,5
IF,BIRNA,63.333056,-24.316067, ,0.0,0.0,0,0,0,0,0,0,0,0
TF,GEGNI,63.501864,-23.839678,0, ,0.0,0.0,0.0,0.0,0,0,0,0,0,0,0,0
TF,KF181,63.724075,-23.196636,0, ,0.0,0.0,0.0,0.0,3,10000,0,0,0,0,0,0
TF,SONAX,63.906342,-23.050219,0, ,0.0,0.0,0.0,0.0,4,5000,3500,1,220,0,0,0

STAR,BIRN1N,01,5
IF,BIRNA,63.333056,-24.316067, ,0.0,0.0,0,0,0,0,0,0,0,0
TF,UMTAL,63.464722,-23.876667,0, ,0.0,0.0,0.0,0.0,2,11000,0,0,0,0,0,0
TF,RENDU,63.767603,-22.830794,0, ,0.0,0.0,0.0,0.0,2,3500,0,1,230,0,0,0

STAR,DEVU1H,29,5
IF,DEVUD,64.280700,-20.437631, ,0.0,0.0,0,0,0,0,0,0,0,0
TF,KF329,64.214444,-20.892272,0, ,0.0,0.0,0.0,0.0,3,15000,0,0,0,0,0,0
TF,RANAS,64.177000,-21.144053,0, ,0.0,0.0,0.0,0.0,4,13000,11000,0,0,0,0,0
TF,KF131,64.094500,-21.513539,0, ,0.0,0.0,0.0,0.0,4,10000,9000,0,0,0,0,0
TF,KF132,64.043025,-21.740881,0, ,0.0,0.0,0.0,0.0,1,7000,0,0,0,0,0,0
TF,ADOVA,63.983667,-22.000056,0, ,0.0,0.0,0.0,0.0,4,6000,3500,1,230,0,0,0

STAR,DEVU1K,19,5
IF,DEVUD,64.280700,-20.437631, ,0.0,0.0,0,0,0,0,0,0,0,0
TF,UNLOS,64.229908,-21.354811,0, ,0.0,0.0,0.0,0.0,2,11000,0,0,0,0,0,0
TF,KF152,64.194272,-21.941528,0, ,0.0,0.0,0.0,0.0,2,7000,0,0,0,0,0,0
TF,KF157,64.177758,-22.200483,0, ,0.0,0.0,0.0,0.0,2,5000,0,0,0,0,0,0
TF,ELVUM,64.162953,-22.426431,0, ,0.0,0.0,0.0,0.0,2,3500,0,1,220,0,0,0

STAR,DEVU1M,11,5
IF,DEVUD,64.280700,-20.437631, ,0.0,0.0,0,0,0,0,0,0,0,0
TF,MEBUN,64.230811,-21.841250,0, ,0.0,0.0,0.0,0.0,2,12000,0,0,0,0,0,0
TF,KF182,64.204381,-22.461386,0, ,0.0,0.0,0.0,0.0,2,7000,0,0,0,0,0,0
TF,KF183,64.183281,-22.916167,0, ,0.0,0.0,0.0,0.0,3,6000,0,0,0,0,0,0
TF,NONBO,64.062442,-23.052658,0, ,0.0,0.0,0.0,0.0,2,3500,0,1,220,0,0,0

STAR,DEVU2N,01,5
IF,DEVUD,64.280700,-20.437631, ,0.0,0.0,0,0,0,0,0,0,0,0
TF,KF301,64.200614,-20.585467,0, ,0.0,0.0,0.0,0.0,3,16000,0,0,0,0,0,0
TF,KF102,64.093403,-20.781617,0, ,0.0,0.0,0.0,0.0,3,14500,0,0,0,0,0,0
TF,KF103,64.002339,-20.946658,0, ,0.0,0.0,0.0,0.0,2,11000,0,0,0,0,0,0
TF,ABEXI,63.886611,-21.154361,0, ,0.0,0.0,0.0,0.0,4,13000,10000,0,0,0,0,0
TF,KF319,63.852808,-21.581914,0, ,0.0,0.0,0.0,0.0,4,11000,7000,0,0,0,0,0
TF,KOPUM,63.810147,-22.098542,0, ,0.0,0.0,0.0,0.0,2,5000,0,0,0,0,0,0
TF,DEXON,63.767536,-22.380411,0, ,0.0,0.0,0.0,0.0,2,3500,0,1,230,0,0,0

STAR,DEVU2Q,01,5
IF,DEVUD,64.280700,-20.437631, ,0.0,0.0,0,0,0,0,0,0,0,0
TF,KF301,64.200614,-20.585467,0, ,0.0,0.0,0.0,0.0,3,16000,0,0,0,0,0,0
TF,KF102,64.093403,-20.781617,0, ,0.0,0.0,0.0,0.0,3,14500,0,0,0,0,0,0
TF,KF103,64.002339,-20.946658,0, ,0.0,0.0,0.0,0.0,2,11000,0,0,0,0,0,0
TF,ABEXI,63.886611,-21.154361,0, ,0.0,0.0,0.0,0.0,4,13000,10000,0,0,0,0,0
TF,KF319,63.852808,-21.581914,0, ,0.0,0.0,0.0,0.0,4,11000,7000,0,0,0,0,0
TF,KOPUM,63.810147,-22.098542,0, ,0.0,0.0,0.0,0.0,2,5000,0,0,0,0,0,0
TF,GARGI,63.816578,-22.286861,0, ,0.0,0.0,0.0,0.0,2,3500,0,1,230,0,0,0

STAR,ELDI1H,29,5
IF,ELDIS,63.676028,-24.760583, ,0.0,0.0,0,0,0,0,0,0,0,0
TF,KF375,63.717972,-23.867436,0, ,0.0,0.0,0.0,0.0,2,15000,0,0,0,0,0,0
TF,KF374,63.739314,-23.358614,0, ,0.0,0.0,0.0,0.0,2,12000,0,0,0,0,0,0
TF,MALAB,63.753078,-23.004500,0, ,0.0,0.0,0.0,0.0,0,0,0,0,0,0,0,0
TF,KF372,63.774836,-22.390469,0, ,0.0,0.0,0.0,0.0,3,7000,0,0,0,0,0,0
TF,OLGES,63.884592,-22.160597,0, ,0.0,0.0,0.0,0.0,4,5000,3500,1,230,0,0,0

STAR,ELDI1K,19,5
IF,ELDIS,63.676028,-24.760583, ,0.0,0.0,0,0,0,0,0,0,0,0
TF,KF192,63.793267,-24.300881,0, ,0.0,0.0,0.0,0.0,2,15000,0,0,0,0,0,0
TF,KF191,63.867069,-24.006464,0, ,0.0,0.0,0.0,0.0,2,13000,0,0,0,0,0,0
TF,NAPAT,63.940258,-23.710519,0, ,0.0,0.0,0.0,0.0,2,11000,0,0,0,0,0,0
TF,KF193,63.976911,-23.560781,0, ,0.0,0.0,0.0,0.0,2,10000,0,0,0,0,0,0
TF,KF194,64.099672,-23.051614,0, ,0.0,0.0,0.0,0.0,2,6000,0,0,0,0,0,0
TF,VALUX,64.163008,-22.784169,0, ,0.0,0.0,0.0,0.0,2,3500,0,1,220,0,0,0

STAR,ELDI1M,11,5
IF,ELDIS,63.676028,-24.760583, ,0.0,0.0,0,0,0,0,0,0,0,0
TF,ELROS,63.762011,-24.330511,0, ,0.0,0.0,0.0,0.0,0,0,0,0,0,0,0,0
TF,KF178,63.830328,-23.982156,0, ,0.0,0.0,0.0,0.0,3,13000,0,0,0,0,0,0
TF,KF179,63.883308,-23.707775,0, ,0.0,0.0,0.0,0.0,3,11000,0,0,0,0,0,0
TF,KF172,63.948925,-23.362653,0, ,0.0,0.0,0.0,0.0,3,7000,0,0,0,0,0,0
TF,VESOX,63.983964,-23.175872,0, ,0.0,0.0,0.0,0.0,2,3500,0,1,220,0,0,0

STAR,ELDI2N,01,5
IF,ELDIS,63.676028,-24.760583, ,0.0,0.0,0,0,0,0,0,0,0,0
TF,KF165,63.694333,-24.416167,0, ,0.0,0.0,0.0,0.0,2,13000,0,0,0,0,0,0
TF,VIBER,63.711478,-24.077964,0, ,0.0,0.0,0.0,0.0,2,11000,0,0,0,0,0,0
TF,KF168,63.742272,-23.420822,0, ,0.0,0.0,0.0,0.0,2,7000,0,0,0,0,0,0
TF,RENDU,63.767603,-22.830794,0, ,0.0,0.0,0.0,0.0,2,3500,0,1,230,0,0,0

STAR,GIRU1H,29,5
IF,GIRUG,64.108306,-24.873894, ,0.0,0.0,0,0,0,0,0,0,0,0
TF,KF376,64.100475,-23.612308,0, ,0.0,0.0,0.0,0.0,2,13000,0,0,0,0,0,0
TF,LIMBU,64.094400,-23.117775,0, ,0.0,0.0,0.0,0.0,2,10000,0,0,0,0,0,0
TF,KF377,64.090419,-22.851078,0, ,0.0,0.0,0.0,0.0,2,7000,0,0,0,0,0,0
TF,INGEL,64.084542,-22.506203,0, ,0.0,0.0,0.0,0.0,2,4000,0,0,0,0,0,0
TF,LUKAR,64.083931,-22.157153,0, ,0.0,0.0,0.0,0.0,4,6000,3500,1,230,0,0,0

STAR,GIRU1K,19,5
IF,GIRUG,64.108306,-24.873894, ,0.0,0.0,0,0,0,0,0,0,0,0
TF,KULUS,64.138514,-23.864800,0, ,0.0,0.0,0.0,0.0,2,11000,0,0,0,0,0,0
TF,KF196,64.142928,-23.693925,0, ,0.0,0.0,0.0,0.0,2,10000,0,0,0,0,0,0
TF,KF197,64.153158,-23.262836,0, ,0.0,0.0,0.0,0.0,2,7000,0,0,0,0,0,0
TF,VALUX,64.163008,-22.784169,0, ,0.0,0.0,0.0,0.0,2,3500,0,1,220,0,0,0

STAR,GIRU1M,11,5
IF,GIRUG,64.108306,-24.873894, ,0.0,0.0,0,0,0,0,0,0,0,0
TF,BEGOT,64.077450,-24.424553,0, ,0.0,0.0,0.0,0.0,0,0,0,0,0,0,0,0
TF,KF175,64.058717,-24.161639,0, ,0.0,0.0,0.0,0.0,3,14000,0,0,0,0,0,0
TF,KF176,64.035211,-23.841344,0, ,0.0,0.0,0.0,0.0,3,11000,0,0,0,0,0,0
TF,KF174,63.999719,-23.376033,0, ,0.0,0.0,0.0,0.0,3,7000,0,0,0,0,0,0
TF,VESOX,63.983964,-23.175872,0, ,0.0,0.0,0.0,0.0,2,3500,0,1,220,0,0,0

STAR,GIRU2N,01,5
IF,GIRUG,64.108306,-24.873894, ,0.0,0.0,0,0,0,0,0,0,0,0
TF,KF361,64.020844,-24.327550,0, ,0.0,0.0,0.0,0.0,2,13000,0,0,0,0,0,0
TF,RIKUG,63.968022,-24.005300,0, ,0.0,0.0,0.0,0.0,2,11000,0,0,0,0,0,0
TF,KF162,63.850508,-23.307800,0, ,0.0,0.0,0.0,0.0,2,7000,0,0,0,0,0,0
TF,RENDU,63.767603,-22.830794,0, ,0.0,0.0,0.0,0.0,2,3500,0,1,230,0,0,0

STAR,INGA1H,29,5
IF,INGAN,64.562206,-24.487425, ,0.0,0.0,0,0,0,0,0,0,0,0
TF,ORTES,64.249647,-23.042761,0, ,0.0,0.0,0.0,0.0,0,0,0,0,0,0,0,0
TF,GOMRO,64.123028,-22.484442,0, ,0.0,0.0,0.0,0.0,2,4000,0,0,0,0,0,0
TF,LUKAR,64.083931,-22.157153,0, ,0.0,0.0,0.0,0.0,4,6000,3500,1,230,0,0,0

STAR,INGA1K,19,5
IF,INGAN,64.562206,-24.487425, ,0.0,0.0,0,0,0,0,0,0,0,0
TF,RUVET,64.387583,-23.726400,0, ,0.0,0.0,0.0,0.0,2,11000,0,0,0,0,0,0
TF,KF199,64.227567,-23.050692,0, ,0.0,0.0,0.0,0.0,2,6000,0,0,0,0,0,0
TF,VALUX,64.163008,-22.784169,0, ,0.0,0.0,0.0,0.0,2,3500,0,1,220,0,0,0

STAR,INGA1M,11,5
IF,INGAN,64.562206,-24.487425, ,0.0,0.0,0,0,0,0,0,0,0,0
TF,VERUT,64.429856,-23.967550,0, ,0.0,0.0,0.0,0.0,0,0,0,0,0,0,0,0
TF,KF171,64.271747,-23.362144,0, ,0.0,0.0,0.0,0.0,3,10000,0,0,0,0,0,0
TF,KF173,64.125283,-23.144983,0, ,0.0,0.0,0.0,0.0,3,6000,0,0,0,0,0,0
TF,NONBO,64.062442,-23.052658,0, ,0.0,0.0,0.0,0.0,2,3500,0,1,220,0,0,0

STAR,INGA2N,01,5
IF,INGAN,64.562206,-24.487425, ,0.0,0.0,0,0,0,0,0,0,0,0
TF,NORGO,64.271747,-23.362144,0, ,0.0,0.0,0.0,0.0,2,11000,0,0,0,0,0,0
TF,KF164,63.943981,-23.014269,0, ,0.0,0.0,0.0,0.0,2,7000,0,0,0,0,0,0
TF,MOBLI,63.823739,-22.888911,0, ,0.0,0.0,0.0,0.0,2,3500,0,1,230,0,0,0
TF,RENDU,63.767603,-22.830794,0, ,0.0,0.0,0.0,0.0,2,3500,0,0,0,0,0,0

STAR,NASB1H,29,5
IF,NASBU,63.946672,-20.348181, ,0.0,0.0,0,0,0,0,0,0,0,0
TF,ERTIR,63.964522,-21.041475,0, ,0.0,0.0,0.0,0.0,2,11000,0,0,0,0,0,0
TF,KF127,63.970369,-21.289575,0, ,0.0,0.0,0.0,0.0,4,11000,10000,0,0,0,0,0
TF,KF328,63.978794,-21.707561,0, ,0.0,0.0,0.0,0.0,1,7000,0,0,0,0,0,0
TF,ADOVA,63.983667,-22.000056,0, ,0.0,0.0,0.0,0.0,4,6000,3500,1,230,0,0,0

STAR,NASB1K,19,5
IF,NASBU,63.946672,-20.348181, ,0.0,0.0,0,0,0,0,0,0,0,0
TF,TESGO,63.973261,-21.472533,0, ,0.0,0.0,0.0,0.0,2,11000,0,0,0,0,0,0
TF,KF148,64.075336,-21.980261,0, ,0.0,0.0,0.0,0.0,2,7000,0,0,0,0,0,0
TF,KF149,64.122272,-22.218056,0, ,0.0,0.0,0.0,0.0,2,5000,0,0,0,0,0,0
TF,ELVUM,64.162953,-22.426431,0, ,0.0,0.0,0.0,0.0,2,3500,0,1,220,0,0,0

STAR,NASB1M,11,5
IF,NASBU,63.946672,-20.348181, ,0.0,0.0,0,0,0,0,0,0,0,0
TF,KF184,63.917150,-21.373394,0, ,0.0,0.0,0.0,0.0,2,15000,0,0,0,0,0,0
TF,SOTUG,63.905600,-21.717086,0, ,0.0,0.0,0.0,0.0,2,13000,0,0,0,0,0,0
TF,KF185,63.891125,-22.116650,0, ,0.0,0.0,0.0,0.0,2,10000,0,0,0,0,0,0
TF,KF186,63.882689,-22.336208,0, ,0.0,0.0,0.0,0.0,2,7000,0,0,0,0,0,0
TF,KF187,63.864589,-22.914075,0, ,0.0,0.0,0.0,0.0,3,6000,0,0,0,0,0,0
TF,SONAX,63.906342,-23.050219,0, ,0.0,0.0,0.0,0.0,2,3500,0,1,220,0,0,0

STAR,NASB3N,01,5
IF,NASBU,63.946672,-20.348181, ,0.0,0.0,0,0,0,0,0,0,0,0
TF,ABEXI,63.886611,-21.154361,0, ,0.0,0.0,0.0,0.0,4,13000,10000,0,0,0,0,0
TF,KF319,63.852808,-21.581914,0, ,0.0,0.0,0.0,0.0,4,11000,7000,0,0,0,0,0
TF,KOPUM,63.810147,-22.098542,0, ,0.0,0.0,0.0,0.0,2,5000,0,0,0,0,0,0
TF,DEXON,63.767536,-22.380411,0, ,0.0,0.0,0.0,0.0,2,3500,0,1,230,0,0,0

STAR,NASB3Q,01,5
IF,NASBU,63.946672,-20.348181, ,0.0,0.0,0,0,0,0,0,0,0,0
TF,ABEXI,63.886611,-21.154361,0, ,0.0,0.0,0.0,0.0,4,13000,10000,0,0,0,0,0
TF,KF319,63.852808,-21.581914,0, ,0.0,0.0,0.0,0.0,4,11000,7000,0,0,0,0,0
TF,KOPUM,63.810147,-22.098542,0, ,0.0,0.0,0.0,0.0,2,5000,0,0,0,0,0,0
TF,GARGI,63.816578,-22.286861,0, ,0.0,0.0,0.0,0.0,2,3500,0,1,230,0,0,0

APPTR,D01,01,KFV1
FD,KFV,63.982889,-22.615139,0,KFV,0.0,8.0,212.0,8.0,2,1800,0,0,0,0,0,0
CF,FD01,63.880883,-22.582617,1,KFV,187.0,6.2,7.0,2.0,2,1800,0,0,0,0,0,0

APPTR,D01,01,KFV2
FD,KFV,63.982889,-22.615139,0,KFV,0.0,8.0,198.0,8.0,2,1800,0,0,0,0,0,0
CF,FD01,63.880883,-22.582617,1,KFV,187.0,6.2,7.0,2.0,2,1800,0,0,0,0,0,0

FINAL,D01,01,D,3
IF,FD01,63.880883,-22.582617,KFV,187.0,6.2,2,1800,0,0,0,0,2,0
CF,40VOR,63.917078,-22.594131,0,KFV,187.0,4.0,7.0,2.2,2,1100,0,0,0,0,0,0
CF,MD01,63.958208,-22.607247,0,KFV,187.0,1.5,7.0,2.5,1,304,0,0,0,0,3,0
FM,MD01,63.958208,-22.607247,0,KFV,0.0,0.0,7.0,1,3000,0,0,0,0,0,0

APPTR,D11,11,KFV1
FD,KFV,63.982889,-22.615139,0,KFV,0.0,8.0,313.0,8.0,2,1800,0,0,0,0,0,0
CF,FD11,63.988089,-22.849381,1,KFV,288.0,6.2,108.0,2.0,2,1800,0,0,0,0,0,0

APPTR,D11,11,KFV2
FD,KFV,63.982889,-22.615139,0,KFV,0.0,8.0,299.0,8.0,2,1800,0,0,0,0,0,0
CF,FD11,63.988089,-22.849381,1,KFV,288.0,6.2,108.0,2.0,2,1800,0,0,0,0,0,0

FINAL,D11,11,D,3
IF,FD11,63.988089,-22.849381,KFV,288.0,6.2,2,1800,0,0,0,0,2,0
CF,30VOR,63.985453,-22.728469,0,KFV,288.0,3.0,108.0,3.2,2,780,0,0,0,0,0,0
CF,MD11,63.984267,-22.675578,0,KFV,288.0,1.6,108.0,1.4,1,336,0,0,0,0,3,0
CF,D108E,63.978417,-22.426297,0,KFV,108.0,5.0,108.0,6.6,0,0,0,0,0,0,0,1
CA,1,335.0,2,3000,0,0,0,0,0,0
VM,0,0,0,335.0,1,3000,0,0,0,0,0,0

APPTR,D19,19,KFV1
FD,KFV,63.982889,-22.615139,0,KFV,0.0,8.0,357.0,8.0,2,1800,0,0,0,0,0,0
CF,FD19,64.075228,-22.589236,2,KFV,22.0,5.6,202.0,3.0,2,1800,0,0,0,0,0,0

APPTR,D19,19,KFV2
FD,KFV,63.982889,-22.615139,0,KFV,0.0,8.0,11.0,8.0,2,1800,0,0,0,0,0,0
CF,FD19,64.075228,-22.589236,2,KFV,22.0,5.6,202.0,3.0,2,1800,0,0,0,0,0,0

FINAL,D19,19,D,2
IF,FD19,64.075228,-22.589236,KFV,22.0,5.6,2,1800,0,0,0,0,2,0
CF,MD19,64.002675,-22.609603,0,KFV,22.0,1.2,202.0,4.4,1,416,0,0,0,0,3,0
CF,KFV,63.982889,-22.615139,0,KFV,0.0,0.0,202.0,1.2,0,0,0,0,0,0,0,0
FM,KFV,63.982889,-22.615139,0,KFV,0.0,0.0,202.0,1,3000,0,0,0,0,0,0

APPTR,D29,29,KFV1
FD,KFV,63.982889,-22.615139,0,KFV,0.0,8.0,76.0,8.0,2,1800,0,1,220,0,0,0
CF,FD29,63.989222,-22.403781,2,KFV,101.0,5.6,281.0,3.0,2,1800,0,0,0,0,0,0

APPTR,D29,29,KFV2
FD,KFV,63.982889,-22.615139,0,KFV,0.0,8.0,90.0,8.0,2,1800,0,0,0,0,0,0
CF,FD29,63.989222,-22.403781,2,KFV,101.0,5.6,281.0,3.0,2,1800,0,0,0,0,0,0

FINAL,D29,29,D,2
IF,FD29,63.989222,-22.403781,KFV,101.0,5.6,2,1800,0,0,0,0,2,0
CF,MD29,63.984500,-22.562308,0,KFV,101.0,1.4,281.0,4.2,1,475,0,0,0,0,3,0
FM,MD29,63.984500,-22.562308,0,KFV,0.0,0.0,281.0,1,3000,0,0,0,0,0,0

APPTR,I01-Y,01,KFV1
FD,KFV,63.982889,-22.615139,0,KFV,0.0,8.0,217.0,8.0,2,1800,0,1,220,0,0,0
CF,CI01,63.847464,-22.605486,1,IKN,195.0,8.8,15.0,1.0,2,1800,0,0,0,0,0,0

APPTR,I01-Y,01,KFV2
FD,KFV,63.982889,-22.615139,0,KFV,0.0,8.0,203.0,8.0,2,1800,0,0,0,0,0,0
CF,CI01,63.847464,-22.605486,1,IKN,195.0,8.8,15.0,1.0,2,1800,0,0,0,0,0,0

FINAL,I01-Y,01,I,3
IF,CI01,63.847464,-22.605486,IKN,195.0,8.8,2,1800,0,0,0,0,0,0
CF,SUVIL,63.881517,-22.605517,0,IKN,195.0,6.7,15.0,2.0,1,1800,0,0,0,0,2,0
CF,RW01,63.964478,-22.605453,0,IKN,195.0,1.7,15.0,5.0,1,186,0,0,0,0,3,0
CA,0,15.0,2,3000,0,0,0,0,0,0
VM,0,0,0,15.0,1,3000,0,0,0,0,0,0

APPTR,I01-Z,01,DEXON
IF,DEXON,63.767536,-22.380411, ,0.0,0.0,2,3500,0,1,230,0,1,0
CF,KFI01,63.804025,-22.605575,0,IKN,195.0,11.4,305.0,6.4,1,2500,0,1,210,0,1,0

APPTR,I01-Z,01,RENDU
IF,RENDU,63.767603,-22.830794, ,0.0,0.0,2,3500,0,1,230,0,1,0
CF,KFI01,63.804025,-22.605575,0,IKN,195.0,11.4,85.0,6.4,1,2500,0,1,210,0,1,0

APPTR,I01-Z,01,SOPAR
IF,SOPAR,63.697961,-22.605656, ,0.0,0.0,2,3500,0,1,230,0,1,0
CF,30NM,63.754181,-22.605611,0,KFV,193.9,13.8,15.0,3.4,1,3000,0,0,0,0,0,0
CF,KFI01,63.804025,-22.605575,0,IKN,195.0,11.4,15.0,3.0,1,2500,0,1,210,0,1,0

FINAL,I01-Z,01,I,3
IF,KFI01,63.804025,-22.605575,IKN,195.0,11.4,1,2500,0,1,210,0,0,0
CF,SUVIL,63.881517,-22.605517,0,IKN,195.0,6.7,15.0,4.7,1,1800,0,0,0,0,2,0
CF,RW01,63.964478,-22.605453,0,IKN,195.0,1.7,15.0,5.0,1,186,0,0,0,0,3,0
CA,0,15.0,2,3000,0,0,0,0,0,0
VM,0,0,0,15.0,1,3000,0,0,0,0,0,0

APPTR,I11-Y,11,KFV1
FD,KFV,63.982889,-22.615139,0,KFV,0.0,8.0,310.0,8.0,2,1800,0,0,0,0,0,0
CF,CI11,63.984658,-22.924583,1,IKF,285.0,9.0,105.0,1.0,2,1800,0,0,0,0,0,0

APPTR,I11-Y,11,KFV2
FD,KFV,63.982889,-22.615139,0,KFV,0.0,8.0,296.0,8.0,2,1800,0,0,0,0,0,0
CF,CI11,63.984658,-22.924583,1,IKF,285.0,9.0,105.0,1.0,2,1800,0,0,0,0,0,0

FINAL,I11-Y,11,I,3
IF,CI11,63.984658,-22.924583,IKF,285.0,9.0,2,1800,0,0,0,0,0,0
CF,MADAX,63.984861,-22.847503,0,IKF,285.0,7.0,105.0,2.0,1,1800,0,0,0,0,2,0
CF,RW11,63.985039,-22.655006,0,IKF,285.0,1.9,105.0,5.1,1,164,0,0,0,0,3,0
CF,D285E,63.985000,-22.459292,0,KFV,103.2,4.1,105.0,5.2,0,0,0,0,0,0,0,1
CA,1,330.0,2,3000,0,0,0,0,0,0
VM,0,0,0,330.0,1,3000,0,0,0,0,0,0

APPTR,I11-Z,11,NONBO
IF,NONBO,64.062442,-23.052658, ,0.0,0.0,2,3500,0,1,220,0,1,0
CF,KFI11,63.984572,-22.986753,0,IKF,285.0,10.7,175.0,5.0,2,2200,0,1,200,0,1,0

APPTR,I11-Z,11,SONAX
IF,SONAX,63.906342,-23.050219, ,0.0,0.0,2,3500,0,1,220,0,1,0
CF,KFI11,63.984572,-22.986753,0,IKF,285.0,10.7,35.0,5.0,2,2200,0,1,200,0,0,0

APPTR,I11-Z,11,VESOX
IF,VESOX,63.983964,-23.175872, ,0.0,0.0,2,3500,0,1,220,0,1,0
CF,KFI11,63.984572,-22.986753,0,IKF,285.0,10.7,105.0,5.0,2,2200,0,1,200,0,1,0

FINAL,I11-Z,11,I,3
IF,KFI11,63.984572,-22.986753,IKF,285.0,10.7,2,2200,0,1,200,0,0,0
CF,MADAX,63.984861,-22.847503,0,IKF,285.0,7.0,105.0,3.7,1,1800,0,0,0,0,2,0
CF,RW11,63.985039,-22.655006,0,IKF,285.0,1.9,105.0,5.1,1,164,0,0,0,0,3,0
CF,D285E,63.985000,-22.459292,0,KFV,103.2,4.1,105.0,5.2,0,0,0,0,0,0,0,1
CA,1,330.0,2,3000,0,1,210,0,0,0
VM,0,0,0,330.0,1,3000,0,0,0,0,0,0

APPTR,I19-Y,19,KFV1
FD,KFV,63.982889,-22.615139,0,KFV,0.0,8.0,351.0,8.0,2,1800,0,0,0,0,0,0
CF,CI19,64.107175,-22.605386,2,IKO,15.0,8.7,195.0,1.0,2,1800,0,0,0,0,0,0

APPTR,I19-Y,19,KFV2
FD,KFV,63.982889,-22.615139,0,KFV,0.0,8.0,5.0,8.0,2,1800,0,0,0,0,0,0
CF,CI19,64.107175,-22.605386,2,IKO,15.0,8.7,195.0,1.0,2,1800,0,0,0,0,0,0

FINAL,I19-Y,19,I,3
IF,CI19,64.107175,-22.605386,IKO,15.0,8.7,2,1800,0,0,0,0,0,0
CF,NOMTA,64.073525,-22.605369,0,IKO,15.0,6.6,195.0,2.0,1,1800,0,0,0,0,2,0
CF,RW19,63.991878,-22.605433,0,IKO,15.0,1.7,195.0,4.9,1,212,0,0,0,0,3,0
FA,RW19,63.991878,-22.605433,0,KFV,0.0,0.0,195.0,2,3000,0,0,0,0,0,0
VM,0,0,0,195.0,1,3000,0,0,0,0,0,0

APPTR,I19-Z,19,ELVUM
IF,ELVUM,64.162953,-22.426431, ,0.0,0.0,2,3500,0,1,220,0,1,0
CF,KFI19,64.134681,-22.605322,0,IKO,15.0,10.3,265.0,5.0,1,2200,0,1,200,0,1,0

APPTR,I19-Z,19,NERKO
IF,NERKO,64.217744,-22.605256, ,0.0,0.0,2,3500,0,1,220,0,1,0
CF,KFI19,64.134681,-22.605322,0,IKO,15.0,10.3,195.0,5.0,1,2200,0,1,200,0,1,0

APPTR,I19-Z,19,VALUX
IF,VALUX,64.163008,-22.784169, ,0.0,0.0,2,3500,0,1,220,0,1,0
CF,KFI19,64.134681,-22.605322,0,IKO,15.0,10.3,125.0,5.0,1,2200,0,1,200,0,1,0

FINAL,I19-Z,19,I,3
IF,KFI19,64.134681,-22.605322,IKO,15.0,10.3,1,2200,0,1,200,0,0,0
CF,NOMTA,64.073525,-22.605369,0,IKO,15.0,6.6,195.0,3.7,1,1800,0,0,0,0,2,0
CF,RW19,63.991878,-22.605433,0,IKO,15.0,1.7,195.0,4.9,1,212,0,0,0,0,3,0
FA,RW19,63.991878,-22.605433,0,KFV,0.0,0.0,195.0,2,3000,0,0,0,0,0,0
VM,0,0,0,195.0,1,3000,0,0,0,0,0,0

APPTR,I29-Y,29,KFV1
FD,KFV,63.982889,-22.615139,0,KFV,0.0,8.0,78.0,8.0,2,1900,0,0,0,0,0,0
CF,CI29,63.984772,-22.318994,2,IKW,104.9,9.1,285.0,1.0,2,1900,0,0,0,0,0,0

APPTR,I29-Y,29,KVF2
FD,KFV,63.982889,-22.615139,0,KFV,0.0,8.0,92.0,8.0,2,1900,0,0,0,0,0,0
CF,CI29,63.984772,-22.318994,2,IKW,104.9,9.1,285.0,1.0,2,1900,0,0,0,0,0,0

FINAL,I29-Y,29,I,3
IF,CI29,63.984772,-22.318994,IKW,104.9,9.1,2,1900,0,0,0,0,0,0
CF,FI29,63.984897,-22.394650,0,IKW,104.9,7.1,285.0,2.0,1,1900,0,0,0,0,2,0
CF,RW29,63.985042,-22.592392,0,IKW,104.9,1.8,285.0,5.2,1,223,0,0,0,0,3,0
FM,RW29,63.985042,-22.592392,0,KFV,0.0,0.0,285.0,1,3000,0,0,0,0,0,0

APPTR,I29-Z,29,ADOVA
IF,ADOVA,63.983667,-22.000056, ,0.0,0.0,2,3500,0,1,230,0,1,0
CF,3NM,63.984211,-22.128075,0,KFV,104.4,12.9,285.0,3.4,2,3500,0,0,0,0,0,0
CF,KFI29,63.984553,-22.241558,0,IKW,105.0,11.1,285.0,3.0,2,2500,0,1,210,0,1,0

APPTR,I29-Z,29,LUKAR
IF,LUKAR,64.083931,-22.157153, ,0.0,0.0,2,3500,0,1,230,0,1,0
CF,KFI29,63.984553,-22.241558,0,IKW,105.0,11.1,215.0,6.4,2,2500,0,1,210,0,1,0

APPTR,I29-Z,29,OLGES
IF,OLGES,63.884592,-22.160597, ,0.0,0.0,2,3500,0,1,230,0,1,0
CF,KFI29,63.984553,-22.241558,0,IKW,105.0,11.1,355.0,6.4,2,2500,0,1,210,0,1,0

FINAL,I29-Z,29,I,3
IF,KFI29,63.984553,-22.241558,IKW,105.0,11.1,2,2500,0,1,210,0,0,0
CF,ARDAL,63.984892,-22.407103,0,IKW,105.0,6.7,285.0,4.4,1,1800,0,0,0,0,2,0
CF,RW29,63.985042,-22.592392,0,IKW,104.9,1.8,285.0,4.9,1,223,0,0,0,0,3,0
FM,RW29,63.985042,-22.592392,0,KFV,0.0,0.0,285.0,1,3000,0,0,0,0,0,0

APPTR,L19-X,19,ELVUM
IF,ELVUM,64.162953,-22.426431, ,0.0,0.0,2,3500,0,1,220,0,1,0
CF,KFI19,64.134681,-22.605322,0,IKO,15.0,10.3,265.0,5.0,1,2200,0,1,200,0,1,0

APPTR,L19-X,19,NERKO
IF,NERKO,64.217744,-22.605256, ,0.0,0.0,2,3500,0,1,220,0,1,0
CF,KFI19,64.134681,-22.605322,0,IKO,15.0,10.3,195.0,5.0,1,2200,0,1,200,0,1,0

APPTR,L19-X,19,VALUX
IF,VALUX,64.163008,-22.784169, ,0.0,0.0,2,3500,0,1,220,0,1,0
CF,KFI19,64.134681,-22.605322,0,IKO,15.0,10.3,125.0,5.0,1,2200,0,1,200,0,1,0

FINAL,L19-X,19,D,3
IF,KFI19,64.134681,-22.605322,IKO,15.0,10.3,1,2200,0,1,200,0,0,0
CF,NOMTA,64.073525,-22.605369,0,IKO,15.0,6.6,195.0,3.7,1,2000,0,0,0,0,2,0
CF,ML19X,63.993706,-22.605431,0,IKO,15.0,1.8,195.0,4.8,1,409,0,0,0,0,3,0
FD,ML19X,63.993706,-22.605431,0,KFV,36.5,20.0,195.0,20.0,1,3000,0,0,0,0,0,0
VM,0,0,0,195.0,1,3000,0,0,0,0,0,0

APPTR,Q11,11,KF
IF,KF,63.985028,-22.731611, ,0.0,0.0,2,2000,0,0,0,0,0,0
HF,KF,63.985028,-22.731611,1, ,0.0,0.0,105.0,04.3,2,1500,0,0,0,0,0,0,0

FINAL,Q11,11,N,2
IF,FQ11,63.985000,-22.814722,KF,0.0,0.0,2,1500,0,0,0,0,2,0
CF,MQ11,63.985017,-22.674867,0,IKF,0.0,0.7,105.0,3.7,1,330,0,0,0,0,3,0
FA,MQ11,63.985017,-22.674867,0,KFV,0.0,0.0,105.0,2,1500,0,0,0,0,0,0
DF,KF,63.985028,-22.731611,2, ,0.0,0.0,1,2000,0,0,0,0,0,0
HM,KF,63.985028,-22.731611,1, ,0.0,0.0,105.0,04.3,0,0,0,0,0,0,0,0,0

APPTR,R01-X,01,MOBLI
IF,MOBLI,63.823739,-22.888911, ,0.0,0.0,2,3500,0,1,230,0,1,0
TF,KFX01,63.823961,-22.699264,0, ,0.0,0.0,0.0,0.0,1,2300,0,1,210,0,1,0
TF,KFF01,63.895989,-22.605506,0, ,0.0,0.0,0.0,0.0,1,1500,0,0,0,0,0,0

APPTR,R01-X,01,RENDU
IF,RENDU,63.767603,-22.830794, ,0.0,0.0,2,3500,0,1,230,0,1,0
TF,KFX01,63.823961,-22.699264,0, ,0.0,0.0,0.0,0.0,1,2300,0,1,210,0,1,0
TF,KFF01,63.895989,-22.605506,0, ,0.0,0.0,0.0,0.0,1,1500,0,0,0,0,0,0

FINAL,R01-X,01,G,2
IF,KFF01,63.895989,-22.605506, ,0.0,0.0,1,1500,0,0,0,0,2,0
TF,RW01,63.964478,-22.605453,0, ,0.0,0.0,15.0,4.1,1,185,0,0,0,0,3,1
CF,NERKO,64.217744,-22.605256,0,KFV,16.1,14.1,15.0,15.2,1,3000,0,0,0,0,0,0
VM,0,0,0,15.0,1,3000,0,0,0,0,0,0

APPTR,R01-Y,01,DEXON
IF,DEXON,63.767536,-22.380411, ,0.0,0.0,2,3500,0,1,230,0,1,0
TF,KFY01,63.823933,-22.511861,0, ,0.0,0.0,0.0,0.0,1,2600,0,1,210,0,1,0
TF,KFF01,63.895989,-22.605506,0, ,0.0,0.0,0.0,0.0,1,1500,0,0,0,0,0,0

APPTR,R01-Y,01,GARGI
IF,GARGI,63.816578,-22.286861, ,0.0,0.0,2,3500,0,1,230,0,1,0
TF,KFY01,63.823933,-22.511861,0, ,0.0,0.0,0.0,0.0,1,2600,0,1,210,0,1,0
TF,KFF01,63.895989,-22.605506,0, ,0.0,0.0,0.0,0.0,1,1500,0,0,0,0,0,0

FINAL,R01-Y,01,G,2
IF,KFF01,63.895989,-22.605506, ,0.0,0.0,1,1500,0,0,0,0,2,0
TF,RW01,63.964478,-22.605453,0, ,0.0,0.0,15.0,4.1,1,185,0,0,0,0,3,1
CF,NERKO,64.217744,-22.605256,0,KFV,16.1,14.1,15.0,15.2,1,3000,0,0,0,0,0,0
VM,0,0,0,15.0,1,3000,0,0,0,0,0,0

APPTR,R01-Z,01,DEXON
IF,DEXON,63.767536,-22.380411, ,0.0,0.0,2,3500,0,1,230,0,1,0
TF,KFI01,63.804025,-22.605575,0, ,0.0,0.0,0.0,0.0,1,2500,0,1,210,0,1,0

APPTR,R01-Z,01,RENDU
IF,RENDU,63.767603,-22.830794, ,0.0,0.0,2,3500,0,1,230,0,1,0
TF,KFI01,63.804025,-22.605575,0, ,0.0,0.0,0.0,0.0,1,2500,0,1,210,0,1,0

APPTR,R01-Z,01,SOPAR
IF,SOPAR,63.697961,-22.605656, ,0.0,0.0,2,3500,0,1,230,0,1,0
TF,30NM,63.754181,-22.605611,0, ,0.0,0.0,0.0,0.0,1,3000,0,0,0,0,0,0
TF,KFI01,63.804025,-22.605575,0, ,0.0,0.0,0.0,0.0,1,2500,0,1,210,0,1,0

FINAL,R01-Z,01,G,3
IF,KFI01,63.804025,-22.605575, ,0.0,0.0,1,2500,0,1,210,0,0,0
TF,SUVIL,63.881517,-22.605517,0, ,0.0,0.0,15.0,4.7,1,1800,0,0,0,0,2,0
TF,RW01,63.964478,-22.605453,0, ,0.0,0.0,15.0,5.0,1,185,0,0,0,0,3,1
CF,NERKO,64.217744,-22.605256,0,KFV,16.1,14.1,15.0,15.2,1,3000,0,0,0,0,0,0
VM,0,0,0,15.0,1,3000,0,0,0,0,0,0

APPTR,R11,11,NONBO
IF,NONBO,64.062442,-23.052658, ,0.0,0.0,2,3500,0,1,220,0,1,0
TF,KFI11,63.984572,-22.986753,0, ,0.0,0.0,0.0,0.0,2,2200,0,1,200,0,1,0

APPTR,R11,11,SONAX
IF,SONAX,63.906342,-23.050219, ,0.0,0.0,2,3500,0,1,220,0,1,0
TF,KFI11,63.984572,-22.986753,0, ,0.0,0.0,0.0,0.0,2,2200,0,1,200,0,1,0

APPTR,R11,11,VESOX
IF,VESOX,63.983964,-23.175872, ,0.0,0.0,2,3500,0,1,220,0,1,0
TF,KFI11,63.984572,-22.986753,0, ,0.0,0.0,0.0,0.0,2,2200,0,1,200,0,1,0

FINAL,R11,11,G,3
IF,KFI11,63.984572,-22.986753, ,0.0,0.0,2,2200,0,1,200,0,0,0
TF,MADAX,63.984861,-22.847503,0, ,0.0,0.0,105.0,3.7,2,1800,0,0,0,0,2,0
TF,RW11,63.985039,-22.655006,0, ,0.0,0.0,105.0,5.1,1,159,0,0,0,0,3,1
CF,KFT11,63.984958,-22.459233,0,KFV,103.2,4.1,105.0,5.2,0,0,0,1,210,0,0,1
DF,NERKO,64.217744,-22.605256,1, ,0.0,0.0,1,3000,0,0,0,0,0,0

APPTR,R19-X,19,ELVUM
IF,ELVUM,64.162953,-22.426431, ,0.0,0.0,2,3500,0,1,220,0,1,0
TF,KFI19,64.134681,-22.605322,0, ,0.0,0.0,0.0,0.0,1,2200,0,1,200,0,1,0

APPTR,R19-X,19,NERKO
IF,NERKO,64.217744,-22.605256, ,0.0,0.0,2,3500,0,1,220,0,1,0
TF,KFI19,64.134681,-22.605322,0, ,0.0,0.0,0.0,0.0,1,2200,0,1,200,0,1,0

APPTR,R19-X,19,VALUX
IF,VALUX,64.163008,-22.784169, ,0.0,0.0,2,3500,0,1,220,0,1,0
TF,KFI19,64.134681,-22.605322,0, ,0.0,0.0,0.0,0.0,1,2200,0,1,200,0,1,0

FINAL,R19-X,19,G,3
IF,KFI19,64.134681,-22.605322, ,0.0,0.0,1,2200,0,1,200,0,0,0
TF,NOMTA,64.073525,-22.605369,0, ,0.0,0.0,195.0,3.7,1,2000,0,0,0,0,2,0
TF,RW19D,63.984058,-22.605439,0, ,0.0,0.0,195.0,5.4,1,212,0,0,0,0,3,1
CF,KF801,63.650678,-22.605694,0,KFV,194.3,20.0,195.0,20.1,1,3000,0,0,0,0,0,0
VM,0,0,0,195.0,1,3000,0,0,0,0,0,0

APPTR,R19-Z,19,ELVUM
IF,ELVUM,64.162953,-22.426431, ,0.0,0.0,2,3500,0,1,220,0,1,0
TF,KFI19,64.134681,-22.605322,0, ,0.0,0.0,0.0,0.0,1,2200,0,1,200,0,1,0

APPTR,R19-Z,19,NERKO
IF,NERKO,64.217744,-22.605256, ,0.0,0.0,2,3500,0,1,220,0,1,0
TF,KFI19,64.134681,-22.605322,0, ,0.0,0.0,0.0,0.0,1,2200,0,1,200,0,1,0

APPTR,R19-Z,19,VALUX
IF,VALUX,64.163008,-22.784169, ,0.0,0.0,2,3500,0,1,220,0,1,0
TF,KFI19,64.134681,-22.605322,0, ,0.0,0.0,0.0,0.0,1,2200,0,1,200,0,1,0

FINAL,R19-Z,19,G,3
IF,KFI19,64.134681,-22.605322, ,0.0,0.0,1,2200,0,1,200,0,0,0
TF,NOMTA,64.073525,-22.605369,0, ,0.0,0.0,195.0,3.7,1,1800,0,0,0,0,2,0
TF,RW19,63.991878,-22.605433,0, ,0.0,0.0,195.0,4.9,1,211,0,0,0,0,3,1
CF,KF801,63.650678,-22.605694,0,KFV,194.3,20.0,195.0,20.5,1,3000,0,0,0,0,0,0
VM,0,0,0,195.0,1,3000,0,0,0,0,0,0

APPTR,R29-X,29,GOMRO
IF,GOMRO,64.123028,-22.484442, ,0.0,0.0,2,3500,0,1,230,0,1,0
TF,KFT29,64.084264,-22.316394,0, ,0.0,0.0,0.0,0.0,1,2600,0,1,210,0,0,0
TF,KFX29,64.015767,-22.317139,0, ,0.0,0.0,0.0,0.0,1,2100,0,0,0,0,1,0
TF,KFF29,63.984933,-22.440461,0, ,0.0,0.0,0.0,0.0,1,1500,0,0,0,0,0,0

APPTR,R29-X,29,INGEL
IF,INGEL,64.084542,-22.506203, ,0.0,0.0,2,3500,0,1,230,0,1,0
TF,KFT29,64.084264,-22.316394,0, ,0.0,0.0,0.0,0.0,1,2600,0,1,210,0,0,0
TF,KFX29,64.015767,-22.317139,0, ,0.0,0.0,0.0,0.0,1,2100,0,0,0,0,1,0
TF,KFF29,63.984933,-22.440461,0, ,0.0,0.0,0.0,0.0,1,1500,0,0,0,0,0,0

FINAL,R29-X,29,G,2
IF,KFF29,63.984933,-22.440461, ,0.0,0.0,1,1500,0,0,0,0,2,0
TF,RW29,63.985042,-22.592392,0, ,0.0,0.0,285.0,4.0,1,218,0,0,0,0,3,1
CF,LERVA,63.984381,-23.055953,0,KFV,285.6,11.7,285.0,12.3,1,3000,0,0,0,0,0,0
VM,0,0,0,285.0,1,3000,0,0,0,0,0,0

APPTR,R29-Y,29,OLGES
IF,OLGES,63.884592,-22.160597, ,0.0,0.0,2,3500,0,1,230,0,1,0
TF,KFY29,63.943250,-22.276994,0, ,0.0,0.0,0.0,0.0,1,2400,0,1,210,0,1,0
TF,KFF29,63.984933,-22.440461,0, ,0.0,0.0,0.0,0.0,1,1500,0,0,0,0,0,0

FINAL,R29-Y,29,G,2
IF,KFF29,63.984933,-22.440461, ,0.0,0.0,1,1500,0,0,0,0,2,0
TF,RW29,63.985042,-22.592392,0, ,0.0,0.0,285.0,4.0,1,218,0,0,0,0,3,1
CF,LERVA,63.984381,-23.055953,0,KFV,285.6,11.7,285.0,12.3,1,3000,0,0,0,0,0,0
VM,0,0,0,285.0,1,3000,0,0,0,0,0,0

APPTR,R29-Z,29,ADOVA
IF,ADOVA,63.983667,-22.000056, ,0.0,0.0,2,3500,0,1,230,0,1,0
TF,3NM,63.984211,-22.128075,0, ,0.0,0.0,0.0,0.0,2,3500,0,0,0,0,0,0
TF,KFI29,63.984553,-22.241558,0, ,0.0,0.0,0.0,0.0,2,2500,0,1,210,0,1,0

APPTR,R29-Z,29,LUKAR
IF,LUKAR,64.083931,-22.157153, ,0.0,0.0,2,3500,0,1,230,0,1,0
TF,KFI29,63.984553,-22.241558,0, ,0.0,0.0,0.0,0.0,2,2500,0,1,210,0,1,0

APPTR,R29-Z,29,OLGES
IF,OLGES,63.884592,-22.160597, ,0.0,0.0,2,3500,0,1,230,0,1,0
TF,KFI29,63.984553,-22.241558,0, ,0.0,0.0,0.0,0.0,2,2500,0,1,210,0,1,0

FINAL,R29-Z,29,G,3
IF,KFI29,63.984553,-22.241558, ,0.0,0.0,2,2500,0,1,210,0,0,0
TF,ARDAL,63.984892,-22.407103,0, ,0.0,0.0,285.0,4.4,2,1800,0,0,0,0,2,0
TF,RW29,63.985042,-22.592392,0, ,0.0,0.0,285.0,4.9,1,218,0,0,0,0,3,1
CF,LERVA,63.984381,-23.055953,0,KFV,285.6,11.7,285.0,12.3,1,3000,0,0,0,0,0,0
VM,0,0,0,285.0,1,3000,0,0,0,0,0,0

