APPTR,N01-A,01,LA
HF,LA,65.576750,-19.488417,2, ,0.0,0.0,11.0,04.3,2,4500,0,0,0,0,0,0,0

FINAL,N01-A,01,N,2
IF,LA,65.576750,-19.488417,LA,0.0,0.0,2,4200,0,0,0,0,2,0
CF,HE,65.750861,-19.519056,0,LA,0.0,0.0,11.0,10.5,1,870,0,0,0,0,3,0
CA,0,2.0,2,1600,0,0,0,0,0,0
CF,LA,65.576750,-19.488417,2,AKI,268.0,38.5,192.0,15.0,1,4500,0,0,0,0,0,0
HM,LA,65.576750,-19.488417,2, ,0.0,0.0,11.0,04.3,0,0,0,0,0,0,0,0,0

APPTR,N19-A,19,LA
HF,LA,65.576750,-19.488417,2, ,0.0,0.0,11.0,04.3,2,4500,0,0,0,0,0,0,0

FINAL,N19-A,19,N,2
IF,LA,65.576750,-19.488417,LA,0.0,0.0,2,4200,0,0,0,0,2,0
CF,HE,65.750861,-19.519056,0,LA,0.0,0.0,11.0,10.5,1,870,0,0,0,0,3,0
CA,0,2.0,2,1600,0,0,0,0,0,0
CF,LA,65.576750,-19.488417,2,AKI,268.0,38.5,192.0,15.0,1,4500,0,0,0,0,0,0
HM,LA,65.576750,-19.488417,2, ,0.0,0.0,11.0,04.3,0,0,0,0,0,0,0,0,0

APPTR,R01,01,OGMOR
IF,OGMOR,65.476083,-19.232233, ,0.0,0.0,2,6000,0,0,0,0,1,0
TF,KRI01,65.460756,-19.469119,0, ,0.0,0.0,0.0,0.0,2,4400,0,0,0,0,1,0
TF,KRF01,65.566756,-19.509456,0, ,0.0,0.0,0.0,0.0,1,3100,0,0,0,0,0,0

APPTR,R01,01,PEVAX
IF,PEVAX,65.362300,-19.431950, ,0.0,0.0,2,5700,0,0,0,0,1,0
TF,KRI01,65.460756,-19.469119,0, ,0.0,0.0,0.0,0.0,2,4400,0,0,0,0,1,0
TF,KRF01,65.566756,-19.509456,0, ,0.0,0.0,0.0,0.0,1,3100,0,0,0,0,0,0

APPTR,R01,01,TUGNU
IF,TUGNU,65.445058,-19.705778, ,0.0,0.0,2,5000,0,0,0,0,1,0
TF,KRI01,65.460756,-19.469119,0, ,0.0,0.0,0.0,0.0,1,4700,0,0,0,0,1,0
TF,KRF01,65.566756,-19.509456,0, ,0.0,0.0,0.0,0.0,1,3100,0,0,0,0,0,0

FINAL,R01,01,G,2
IF,KRF01,65.566756,-19.509456, ,0.0,0.0,1,3100,0,0,0,0,2,0
TF,KRM01,65.714397,-19.566194,0, ,0.0,0.0,5.0,9.0,1,230,0,0,0,0,3,1
CA,0,14.0,2,3400,0,0,0,0,0,0
DF,LA,65.576750,-19.488417,1, ,0.0,0.0,1,4500,0,0,0,0,0,0
HM,LA,65.576750,-19.488417,2, ,0.0,0.0,11.0,04.3,0,0,0,0,0,0,0,0,0

