SID,ONDAN2,32,5
DF,EPVEV,52.890144,-119.361253,0, ,0.0,0.0,0,0,0,0,0,0,0,0
TF,MUTKO,52.949400,-119.405072,0, ,0.0,0.0,0.0,0.0,0,0,0,0,0,0,0,0
TF,ONDAN,53.133514,-119.858917,0, ,0.0,0.0,0.0,0.0,0,0,0,1,250,0,0,0

APPTR,R14-A,14,OMTOR
IF,OMTOR,53.021781,-119.979119, ,0.0,0.0,0,0,0,0,0,0,1,0
TF,ONDAN,53.133514,-119.858917,0, ,0.0,0.0,0.0,0.0,2,12000,0,0,0,0,1,0
TF,AGNEK,53.070461,-119.696169,0, ,0.0,0.0,0.0,0.0,2,10900,0,0,0,0,0,0

APPTR,R14-A,14,PEVMA
IF,PEVMA,53.205303,-120.045497, ,0.0,0.0,0,0,0,0,0,0,1,0
TF,ONDAN,53.133514,-119.858917,0, ,0.0,0.0,0.0,0.0,2,12000,0,0,0,0,1,0
TF,AGNEK,53.070461,-119.696169,0, ,0.0,0.0,0.0,0.0,2,10900,0,0,0,0,0,0

APPTR,R14-A,14,PIBTO
IF,PIBTO,53.245125,-119.738092, ,0.0,0.0,0,0,0,0,0,0,1,0
TF,ONDAN,53.133514,-119.858917,0, ,0.0,0.0,0.0,0.0,2,12000,0,0,0,0,1,0
TF,AGNEK,53.070461,-119.696169,0, ,0.0,0.0,0.0,0.0,2,10900,0,0,0,0,0,0

FINAL,R14-A,14,G,4
IF,AGNEK,53.070461,-119.696169, ,0.0,0.0,2,10900,0,0,0,0,0,0
TF,MUSOB,52.998128,-119.510753,0, ,0.0,0.0,106.0,8.0,2,9700,0,0,0,0,2,0
TF,DESGI,52.958322,-119.460828,0, ,0.0,0.0,126.0,3.0,2,8700,0,0,0,0,0,0
TF,OMROX,52.865361,-119.344686,0, ,0.0,0.0,126.0,7.0,1,7320,0,0,0,0,3,1
TF,MUSLU,52.688536,-119.054106,0, ,0.0,0.0,0.0,0.0,1,14000,0,0,0,0,0,1
HM,MUSLU,52.688536,-119.054106,1, ,0.0,0.0,118.0,04.3,0,0,0,1,200,0,0,0,0

APPTR,R14-B,14,OMTOR
IF,OMTOR,53.021781,-119.979119, ,0.0,0.0,0,0,0,0,0,0,1,0
TF,ONDAN,53.133514,-119.858917,0, ,0.0,0.0,0.0,0.0,2,10200,0,0,0,0,1,0
TF,AGNEK,53.070461,-119.696169,0, ,0.0,0.0,0.0,0.0,2,8700,0,0,0,0,0,0

APPTR,R14-B,14,PEVMA
IF,PEVMA,53.205303,-120.045497, ,0.0,0.0,0,0,0,0,0,0,1,0
TF,ONDAN,53.133514,-119.858917,0, ,0.0,0.0,0.0,0.0,2,10200,0,0,0,0,1,0
TF,AGNEK,53.070461,-119.696169,0, ,0.0,0.0,0.0,0.0,2,8700,0,0,0,0,0,0

APPTR,R14-B,14,PIBTO
IF,PIBTO,53.245125,-119.738092, ,0.0,0.0,0,0,0,0,0,0,1,0
TF,ONDAN,53.133514,-119.858917,0, ,0.0,0.0,0.0,0.0,2,10200,0,0,0,0,1,0
TF,AGNEK,53.070461,-119.696169,0, ,0.0,0.0,0.0,0.0,2,8700,0,0,0,0,0,0

FINAL,R14-B,14,G,4
IF,AGNEK,53.070461,-119.696169, ,0.0,0.0,2,8700,0,0,0,0,0,0
TF,MUSOB,52.998128,-119.510753,0, ,0.0,0.0,106.0,8.0,2,7000,0,0,0,0,2,0
TF,DESGI,52.958322,-119.460828,0, ,0.0,0.0,126.0,3.0,2,5700,0,0,0,0,0,0
TF,OMROX,52.865361,-119.344686,0, ,0.0,0.0,126.0,7.0,1,2853,0,0,0,0,3,1
TF,MUSLU,52.688536,-119.054106,0, ,0.0,0.0,0.0,0.0,1,10600,0,0,0,0,0,1
HM,MUSLU,52.688536,-119.054106,1, ,0.0,0.0,118.0,04.3,0,0,0,1,200,0,0,0,0

APPTR,R32-A,32,OMTOR
IF,OMTOR,53.021781,-119.979119, ,0.0,0.0,0,0,0,0,0,0,1,0
TF,ONDAN,53.133514,-119.858917,0, ,0.0,0.0,0.0,0.0,2,12000,0,0,0,0,1,0
TF,AGNEK,53.070461,-119.696169,0, ,0.0,0.0,0.0,0.0,2,10900,0,0,0,0,0,0

APPTR,R32-A,32,PEVMA
IF,PEVMA,53.205303,-120.045497, ,0.0,0.0,0,0,0,0,0,0,1,0
TF,ONDAN,53.133514,-119.858917,0, ,0.0,0.0,0.0,0.0,2,12000,0,0,0,0,1,0
TF,AGNEK,53.070461,-119.696169,0, ,0.0,0.0,0.0,0.0,2,10900,0,0,0,0,0,0

APPTR,R32-A,32,PIBTO
IF,PIBTO,53.245125,-119.738092, ,0.0,0.0,0,0,0,0,0,0,1,0
TF,ONDAN,53.133514,-119.858917,0, ,0.0,0.0,0.0,0.0,2,12000,0,0,0,0,1,0
TF,AGNEK,53.070461,-119.696169,0, ,0.0,0.0,0.0,0.0,2,10900,0,0,0,0,0,0

FINAL,R32-A,32,G,4
IF,AGNEK,53.070461,-119.696169, ,0.0,0.0,2,10900,0,0,0,0,0,0
TF,MUSOB,52.998128,-119.510753,0, ,0.0,0.0,106.0,8.0,2,9700,0,0,0,0,2,0
TF,DESGI,52.958322,-119.460828,0, ,0.0,0.0,126.0,3.0,2,8700,0,0,0,0,0,0
TF,OMROX,52.865361,-119.344686,0, ,0.0,0.0,126.0,7.0,1,7320,0,0,0,0,3,1
TF,MUSLU,52.688536,-119.054106,0, ,0.0,0.0,0.0,0.0,1,14000,0,0,0,0,0,1
HM,MUSLU,52.688536,-119.054106,1, ,0.0,0.0,118.0,04.3,0,0,0,1,200,0,0,0,0

APPTR,R32-B,32,OMTOR
IF,OMTOR,53.021781,-119.979119, ,0.0,0.0,0,0,0,0,0,0,1,0
TF,ONDAN,53.133514,-119.858917,0, ,0.0,0.0,0.0,0.0,2,10200,0,0,0,0,1,0
TF,AGNEK,53.070461,-119.696169,0, ,0.0,0.0,0.0,0.0,2,8700,0,0,0,0,0,0

APPTR,R32-B,32,PEVMA
IF,PEVMA,53.205303,-120.045497, ,0.0,0.0,0,0,0,0,0,0,1,0
TF,ONDAN,53.133514,-119.858917,0, ,0.0,0.0,0.0,0.0,2,10200,0,0,0,0,1,0
TF,AGNEK,53.070461,-119.696169,0, ,0.0,0.0,0.0,0.0,2,8700,0,0,0,0,0,0

APPTR,R32-B,32,PIBTO
IF,PIBTO,53.245125,-119.738092, ,0.0,0.0,0,0,0,0,0,0,1,0
TF,ONDAN,53.133514,-119.858917,0, ,0.0,0.0,0.0,0.0,2,10200,0,0,0,0,1,0
TF,AGNEK,53.070461,-119.696169,0, ,0.0,0.0,0.0,0.0,2,8700,0,0,0,0,0,0

FINAL,R32-B,32,G,4
IF,AGNEK,53.070461,-119.696169, ,0.0,0.0,2,8700,0,0,0,0,0,0
TF,MUSOB,52.998128,-119.510753,0, ,0.0,0.0,106.0,8.0,2,7000,0,0,0,0,2,0
TF,DESGI,52.958322,-119.460828,0, ,0.0,0.0,126.0,3.0,2,5700,0,0,0,0,0,0
TF,OMROX,52.865361,-119.344686,0, ,0.0,0.0,126.0,7.0,1,2853,0,0,0,0,3,1
TF,MUSLU,52.688536,-119.054106,0, ,0.0,0.0,0.0,0.0,1,10600,0,0,0,0,0,1
HM,MUSLU,52.688536,-119.054106,1, ,0.0,0.0,118.0,04.3,0,0,0,1,200,0,0,0,0

