APPTR,R02,02,LITMI
IF,LITMI,46.321569,-67.218014, ,0.0,0.0,0,0,0,1,180,0,1,0
TF,MEPMO,46.347036,-67.103506,0, ,0.0,0.0,0.0,0.0,2,2900,0,0,0,0,1,0

APPTR,R02,02,PEVBU
IF,PEVBU,46.372389,-66.988892, ,0.0,0.0,0,0,0,1,180,0,1,0
TF,MEPMO,46.347036,-67.103506,0, ,0.0,0.0,0.0,0.0,2,2900,0,0,0,0,1,0

FINAL,R02,02,G,4
IF,MEPMO,46.347036,-67.103506, ,0.0,0.0,2,2900,0,0,0,0,1,0
TF,SEVMA,46.473986,-67.162214,0, ,0.0,0.0,360.0,8.0,2,2640,0,0,0,0,2,0
TF,TADRU,46.515589,-67.165114,0, ,0.0,0.0,15.0,2.5,2,1760,0,0,0,0,0,0
TF,RW02,46.557192,-67.168019,0, ,0.0,0.0,15.0,2.5,1,886,0,0,0,0,3,1
TF,MUVSA,46.668244,-67.219694,0, ,0.0,0.0,0.0,0.0,1,3500,0,0,0,0,0,1
HM,MUVSA,46.668244,-67.219694,1, ,0.0,0.0,360.0,04.3,0,0,0,1,200,0,0,0,0

