APPTR,R20,20,TALTA
IF,TALTA,47.642300,-67.726733, ,0.0,0.0,0,0,0,1,180,0,1,0
TF,ROVGU,47.636125,-67.603844,0, ,0.0,0.0,0.0,0.0,2,2800,0,0,0,0,1,0

APPTR,R20,20,VEVNI
IF,VEVNI,47.629817,-67.480983, ,0.0,0.0,0,0,0,1,180,0,1,0
TF,ROVGU,47.636125,-67.603844,0, ,0.0,0.0,0.0,0.0,2,2800,0,0,0,0,1,0

FINAL,R20,20,G,3
IF,ROVGU,47.636125,-67.603844, ,0.0,0.0,2,2800,0,1,180,0,1,0
TF,MUSGI,47.537083,-67.614836,0, ,0.0,0.0,202.0,6.0,2,2600,0,0,0,0,2,0
TF,RW20,47.455772,-67.623817,0, ,0.0,0.0,202.0,5.0,1,1084,0,0,0,0,3,1
TF,SIMGO,47.370969,-67.633164,0, ,0.0,0.0,0.0,0.0,1,3500,0,1,200,0,0,1
HM,SIMGO,47.370969,-67.633164,2, ,0.0,0.0,202.0,04.3,0,0,0,1,200,0,0,0,0

