FINAL,N30,30,N,2
IF,FF30,52.549533,-56.137453,6F,0.0,0.0,2,2100,0,0,0,0,2,0
CF,6F,52.520278,-56.295000,0,6F,0.0,0.0,274.0,6.0,1,1260,0,0,0,0,3,0
CA,0,274.0,2,2600,0,0,0,0,0,0
DF,6F,52.520278,-56.295000,1, ,0.0,0.0,1,2600,0,0,0,0,0,0
HM,6F,52.520278,-56.295000,2, ,0.0,0.0,100.0,04.3,0,0,0,0,0,0,0,0,0

APPTR,R12,12,EPRUK
IF,EPRUK,52.631547,-56.528272, ,0.0,0.0,0,0,0,0,0,0,1,0
TF,VETPO,52.549031,-56.545958,0, ,0.0,0.0,0.0,0.0,2,2000,0,0,0,0,1,0

APPTR,R12,12,MENBI
IF,MENBI,52.466514,-56.563581, ,0.0,0.0,0,0,0,0,0,0,1,0
TF,VETPO,52.549031,-56.545958,0, ,0.0,0.0,0.0,0.0,2,2300,0,0,0,0,1,0

FINAL,R12,12,G,4
IF,VETPO,52.549031,-56.545958, ,0.0,0.0,2,2000,0,0,0,0,0,0
TF,TABLU,52.538194,-56.409789,0, ,0.0,0.0,119.0,5.0,2,1700,0,0,0,0,2,0
TF,ROKLU,52.533814,-56.355678,0, ,0.0,0.0,119.0,2.0,2,1160,0,0,0,0,0,0
TF,NABRI,52.529408,-56.301575,0, ,0.0,0.0,119.0,2.0,1,517,0,0,0,0,3,1
TF,IKDAK,52.515594,-56.133931,0, ,0.0,0.0,0.0,0.0,1,2700,0,0,0,0,0,1
HM,IKDAK,52.515594,-56.133931,2, ,0.0,0.0,119.0,04.3,0,0,0,0,0,0,0,0,0

APPTR,R30,30,PESRU
IF,PESRU,52.426139,-56.069222, ,0.0,0.0,0,0,0,0,0,0,1,0
TF,MERMU,52.508581,-56.050689,0, ,0.0,0.0,0.0,0.0,2,1800,0,0,0,0,1,0

APPTR,R30,30,SIKPU
IF,SIKPU,52.591022,-56.032089, ,0.0,0.0,0,0,0,0,0,0,1,0
TF,MERMU,52.508581,-56.050689,0, ,0.0,0.0,0.0,0.0,2,1700,0,0,0,0,1,0

FINAL,R30,30,G,3
IF,MERMU,52.508581,-56.050689, ,0.0,0.0,2,1700,0,0,0,0,0,0
TF,ITMIT,52.519833,-56.185839,0, ,0.0,0.0,299.0,5.0,2,1300,0,0,0,0,2,0
TF,EPNIN,52.525469,-56.253425,0, ,0.0,0.0,299.0,2.5,1,698,0,0,0,0,3,1
DF,VERKA,52.540364,-56.437392,0, ,0.0,0.0,1,2700,0,0,0,0,0,1
HM,VERKA,52.540364,-56.437392,2, ,0.0,0.0,299.0,04.3,0,0,0,0,0,0,0,0,0

