APPTR,R27,27,SILMO
IF,SILMO,46.285697,-65.682028, ,0.0,0.0,0,0,0,1,180,0,1,0
TF,TARSU,46.206353,-65.645442,0, ,0.0,0.0,0.0,0.0,2,1800,0,0,0,0,1,0

APPTR,R27,27,VESPO
IF,VESPO,46.126994,-65.608961, ,0.0,0.0,0,0,0,1,180,0,1,0
TF,TARSU,46.206353,-65.645442,0, ,0.0,0.0,0.0,0.0,2,1800,0,0,0,0,1,0

FINAL,R27,27,G,4
IF,TARSU,46.206353,-65.645442, ,0.0,0.0,2,1800,0,0,0,0,0,0
TF,PILGI,46.175833,-65.782514,0, ,0.0,0.0,270.0,6.0,2,1710,0,0,0,0,2,0
TF,VIPTU,46.159497,-65.855561,0, ,0.0,0.0,270.0,3.2,2,690,0,0,0,0,0,0
TF,RW27,46.150286,-65.896631,0, ,0.0,0.0,270.0,1.8,1,114,0,0,0,0,3,1
TF,MUTSA,46.124625,-66.010642,0, ,0.0,0.0,0.0,0.0,1,3000,0,0,0,0,0,1
HM,MUTSA,46.124625,-66.010642,2, ,0.0,0.0,270.0,04.3,0,0,0,1,175,0,0,0,0

