APPTR,R32-A,32,LISLA
IF,LISLA,46.555856,-66.633144, ,0.0,0.0,0,0,0,1,180,0,1,0
TF,MEBSU,46.630814,-66.580433,0, ,0.0,0.0,0.0,0.0,2,3000,0,0,0,0,1,0

APPTR,R32-A,32,PEMTO
IF,PEMTO,46.705747,-66.527575, ,0.0,0.0,0,0,0,1,180,0,1,0
TF,MEBSU,46.630814,-66.580433,0, ,0.0,0.0,0.0,0.0,2,3000,0,0,0,0,1,0

FINAL,R32-A,32,G,4
IF,MEBSU,46.630814,-66.580433, ,0.0,0.0,2,3000,0,0,0,0,0,0
TF,ROLPO,46.674717,-66.712122,0, ,0.0,0.0,314.0,6.0,2,3000,0,0,0,0,2,0
TF,MUVKO,46.696433,-66.777533,0, ,0.0,0.0,314.0,3.0,2,2400,0,0,0,0,0,0
TF,RW32,46.710892,-66.821169,0, ,0.0,0.0,314.0,2.0,1,1380,0,0,0,0,3,1
TF,SENRU,46.746964,-66.930364,0, ,0.0,0.0,0.0,0.0,1,4000,0,0,0,0,0,1
HM,SENRU,46.746964,-66.930364,2, ,0.0,0.0,314.0,04.3,0,0,0,1,200,0,0,0,0

