APPTR,R05,05,EMGIV
IF,EMGIV,47.531969,-67.506597, ,0.0,0.0,0,0,0,1,180,0,1,0
TF,ILOSI,47.606692,-67.560956,0, ,0.0,0.0,0.0,0.0,2,2300,0,0,0,0,1,0

FINAL,R05,05,G,3
IF,ILOSI,47.606692,-67.560956, ,0.0,0.0,2,2300,0,0,0,0,0,0
TF,DUTUB,47.692294,-67.482419,0, ,0.0,0.0,50.0,6.0,2,2200,0,0,0,0,2,0
TF,RW05,47.748889,-67.430314,0, ,0.0,0.0,50.0,4.0,1,915,0,0,0,0,3,1
TF,EMDEB,47.819600,-67.365025,0, ,0.0,0.0,0.0,0.0,1,3600,0,0,0,0,0,1
HM,EMDEB,47.819600,-67.365025,2, ,0.0,0.0,50.0,04.3,0,0,0,1,200,0,0,0,0

APPTR,R23,23,ESTUR
IF,ESTUR,47.943169,-67.396511, ,0.0,0.0,0,0,0,1,180,0,1,0
TF,OVBAV,47.899097,-67.291383,0, ,0.0,0.0,0.0,0.0,2,2700,0,0,0,0,1,0

APPTR,R23,23,IKDOS
IF,IKDOS,47.854928,-67.186436, ,0.0,0.0,0,0,0,1,180,0,1,0
TF,OVBAV,47.899097,-67.291383,0, ,0.0,0.0,0.0,0.0,2,2700,0,0,0,0,1,0

FINAL,R23,23,G,3
IF,OVBAV,47.899097,-67.291383, ,0.0,0.0,2,2700,0,0,0,0,0,0
TF,ELIXO,47.814833,-67.369500,0, ,0.0,0.0,230.0,6.0,2,2210,0,0,0,0,2,0
TF,RW23,47.758208,-67.421714,0, ,0.0,0.0,230.0,4.0,1,934,0,0,0,0,3,1
TF,XIBAB,47.687500,-67.486833,0, ,0.0,0.0,0.0,0.0,1,3600,0,0,0,0,0,1
HM,XIBAB,47.687500,-67.486833,2, ,0.0,0.0,230.0,04.3,0,0,0,1,200,0,0,0,0

