APPTR,R10,10,NAKEL
IF,NAKEL,51.717964,-114.413150, ,0.0,0.0,0,0,0,0,0,0,1,0
TF,IGTAR,51.791486,-114.350314,0, ,0.0,0.0,0.0,0.0,2,5100,0,0,0,0,1,0

APPTR,R10,10,TEVIT
IF,TEVIT,51.864978,-114.287272, ,0.0,0.0,0,0,0,0,0,0,1,0
TF,IGTAR,51.791486,-114.350314,0, ,0.0,0.0,0.0,0.0,2,5100,0,0,0,0,1,0

FINAL,R10,10,G,3
IF,IGTAR,51.791486,-114.350314, ,0.0,0.0,2,5100,0,0,0,0,0,0
TF,BEROT,51.752636,-114.231675,0, ,0.0,0.0,103.0,5.0,2,5000,0,0,0,0,2,0
TF,DASKI,51.717575,-114.125144,0, ,0.0,0.0,103.0,4.5,1,3568,0,0,0,0,3,1
TF,MATOP,51.630631,-113.862758,0, ,0.0,0.0,0.0,0.0,1,5000,0,0,0,0,0,1
HM,MATOP,51.630631,-113.862758,2, ,0.0,0.0,103.0,04.3,0,0,0,0,0,0,0,0,0

APPTR,R28,28,DARSU
IF,DARSU,51.704114,-113.799917, ,0.0,0.0,0,0,0,0,0,0,1,0
TF,MATOP,51.630631,-113.862758,0, ,0.0,0.0,0.0,0.0,2,5000,0,0,0,0,1,0

APPTR,R28,28,KAPOL
IF,KAPOL,51.557111,-113.925397, ,0.0,0.0,0,0,0,0,0,0,1,0
TF,MATOP,51.630631,-113.862758,0, ,0.0,0.0,0.0,0.0,2,5000,0,0,0,0,1,0

FINAL,R28,28,G,3
IF,MATOP,51.630631,-113.862758, ,0.0,0.0,2,5000,0,0,0,0,0,0
TF,PELGO,51.669853,-113.980761,0, ,0.0,0.0,283.0,5.0,2,5000,0,0,0,0,2,0
TF,RW28,51.708958,-114.098967,0, ,0.0,0.0,283.0,5.0,1,3397,0,0,0,0,3,1
TF,IGTAR,51.791486,-114.350314,0, ,0.0,0.0,0.0,0.0,1,5100,0,0,0,0,0,1
HM,IGTAR,51.791486,-114.350314,2, ,0.0,0.0,283.0,04.3,0,0,0,1,265,0,0,0,0

