APPTR,R13,13,LIBIX
IF,LIBIX,56.748911,-115.367086, ,0.0,0.0,0,0,0,0,0,0,1,0
TF,IKNET,56.698464,-115.487331,0, ,0.0,0.0,0.0,0.0,2,3600,0,0,0,0,1,0

APPTR,R13,13,SASIG
IF,SASIG,56.647903,-115.607253, ,0.0,0.0,0,0,0,0,0,0,1,0
TF,IKNET,56.698464,-115.487331,0, ,0.0,0.0,0.0,0.0,2,3600,0,0,0,0,1,0

FINAL,R13,13,G,3
IF,IKNET,56.698464,-115.487331, ,0.0,0.0,2,3600,0,0,0,0,1,0
TF,APNIL,56.619297,-115.377028,0, ,0.0,0.0,126.0,6.0,2,3510,0,0,0,0,2,0
TF,RW13,56.550039,-115.281022,0, ,0.0,0.0,126.0,5.2,1,1816,0,0,0,0,3,1
TF,UDLAT,56.523606,-115.244472,0, ,0.0,0.0,0.0,0.0,0,0,0,0,0,0,0,0
TF,OMIVI,56.483953,-115.189706,0, ,0.0,0.0,0.0,0.0,1,3800,0,0,0,0,0,1
HM,OMIVI,56.483953,-115.189706,2, ,0.0,0.0,126.0,04.3,0,0,0,1,175,0,0,0,0

APPTR,R31,31,ANVOM
IF,ANVOM,56.344028,-115.185814, ,0.0,0.0,0,0,0,0,0,0,1,0
TF,IGVON,56.394581,-115.066833,0, ,0.0,0.0,0.0,0.0,2,3600,0,0,0,0,1,0

APPTR,R31,31,DUMDA
IF,DUMDA,56.445019,-114.947536, ,0.0,0.0,0,0,0,0,0,0,1,0
TF,IGVON,56.394581,-115.066833,0, ,0.0,0.0,0.0,0.0,2,3600,0,0,0,0,1,0

FINAL,R31,31,G,3
IF,IGVON,56.394581,-115.066833, ,0.0,0.0,2,3600,0,0,0,0,1,0
TF,TOTER,56.473981,-115.175950,0, ,0.0,0.0,306.0,6.0,2,3500,0,0,0,0,2,0
TF,RW31,56.542333,-115.270364,0, ,0.0,0.0,306.0,5.2,1,1839,0,0,0,0,3,1
TF,XUBAV,56.568758,-115.306950,0, ,0.0,0.0,0.0,0.0,0,0,0,0,0,0,0,0
TF,LEVAM,56.608392,-115.361886,0, ,0.0,0.0,0.0,0.0,1,3800,0,0,0,0,0,1
HM,LEVAM,56.608392,-115.361886,2, ,0.0,0.0,306.0,04.3,0,0,0,1,175,0,0,0,0

