APPTR,Q14,14,XD
IF,XD,53.643678,-113.512858, ,0.0,0.0,0,0,0,0,0,0,0,0
TF,2K,53.032222,-112.813333,0, ,0.0,0.0,0.0,0.0,2,4400,0,0,0,0,0,0
PI,2K,53.032222,-112.813333,1,YEG,14.0,10.0,329,5.0,2,4100,0,0,0,0,0,0
CF,FF14,53.109642,-112.850228,0,YEG,79.7,37.0,149.0,5.2,2,3750,0,0,0,0,0,0

APPTR,Q14,14,YEG
IF,YEG,53.185581,-113.866842, ,0.0,0.0,0,0,0,0,0,0,0,0
TF,2K,53.032222,-112.813333,0, ,0.0,0.0,0.0,0.0,2,4100,0,0,0,0,0,0
PI,2K,53.032222,-112.813333,1,YEG,14.0,10.0,329,5.0,2,4100,0,0,0,0,0,0
CF,FF14,53.109642,-112.850228,0,YEG,79.7,37.0,149.0,5.2,2,3750,0,0,0,0,0,0

APPTR,Q14,14,YQF
IF,YQF,52.128317,-113.899400, ,0.0,0.0,0,0,0,0,0,0,0,0
TF,2K,53.032222,-112.813333,0, ,0.0,0.0,0.0,0.0,2,5300,0,0,0,0,0,0
PI,2K,53.032222,-112.813333,1,YEG,14.0,10.0,329,5.0,2,4100,0,0,0,0,0,0
CF,FF14,53.109642,-112.850228,0,YEG,79.7,37.0,149.0,5.2,2,3750,0,0,0,0,0,0

FINAL,Q14,14,N,2
IF,FF14,53.109642,-112.850228,2K,0.0,0.0,2,3750,0,0,0,0,2,0
CF,RW14,53.044872,-112.820386,0,2K,0.0,0.8,149.0,4.0,1,2463,0,0,0,0,3,0
CF,2K,53.032222,-112.813333,0,YEG,86.2,39.2,149.0,0.8,2,2830,0,0,0,0,0,0
CA,0,149.0,2,4100,0,0,0,0,0,0
DF,2K,53.032222,-112.813333,0, ,0.0,0.0,1,4100,0,0,0,0,0,0

APPTR,R14,14,IKLOX
IF,IKLOX,53.250556,-112.819467, ,0.0,0.0,0,0,0,0,0,0,1,0
TF,DATAT,53.209969,-112.956181,0, ,0.0,0.0,0.0,0.0,2,4600,0,0,0,0,1,0

APPTR,R14,14,ONDOV
IF,ONDOV,53.169228,-113.092639, ,0.0,0.0,0,0,0,0,0,0,1,0
TF,DATAT,53.209969,-112.956181,0, ,0.0,0.0,0.0,0.0,2,4600,0,0,0,0,1,0

FINAL,R14,14,G,3
IF,DATAT,53.209969,-112.956181, ,0.0,0.0,2,4600,0,0,0,0,1,0
TF,AGBUX,53.120494,-112.882442,0, ,0.0,0.0,139.0,6.0,2,4100,0,0,0,0,2,0
TF,RW14,53.044872,-112.820386,0, ,0.0,0.0,139.0,5.1,1,2463,0,0,0,0,3,1
TF,KATNU,52.970242,-112.759383,0, ,0.0,0.0,0.0,0.0,1,4600,0,0,0,0,0,1
HM,KATNU,52.970242,-112.759383,2, ,0.0,0.0,139.0,04.3,0,0,0,1,175,0,0,0,0

APPTR,R32,32,PIKNI
IF,PIKNI,52.828508,-112.812600, ,0.0,0.0,0,0,0,0,0,0,1,0
TF,OTENI,52.868931,-112.676950,0, ,0.0,0.0,0.0,0.0,2,4600,0,0,0,0,1,0

APPTR,R32,32,TULOX
IF,TULOX,52.909200,-112.541053, ,0.0,0.0,0,0,0,0,0,0,1,0
TF,OTENI,52.868931,-112.676950,0, ,0.0,0.0,0.0,0.0,2,4600,0,0,0,0,1,0

FINAL,R32,32,G,3
IF,OTENI,52.868931,-112.676950, ,0.0,0.0,2,4600,0,0,0,0,1,0
TF,NOVUG,52.958536,-112.749839,0, ,0.0,0.0,319.0,6.0,2,4100,0,0,0,0,2,0
TF,RW32,53.034275,-112.811708,0, ,0.0,0.0,319.0,5.1,1,2461,0,0,0,0,3,1
TF,TIKUN,53.108878,-112.872892,0, ,0.0,0.0,0.0,0.0,1,4600,0,0,0,0,0,1
HM,TIKUN,53.108878,-112.872892,2, ,0.0,0.0,319.0,04.3,0,0,0,1,175,0,0,0,0

APPTR,R32-A,32,ELAVN
IF,ELAVN,52.870600,-112.831164, ,0.0,0.0,0,0,0,0,0,0,1,0
TF,DURIP,52.907464,-112.707828,0, ,0.0,0.0,0.0,0.0,2,3700,0,0,0,0,1,0

APPTR,R32-A,32,HAFIO
IF,HAFIO,52.944200,-112.584281, ,0.0,0.0,0,0,0,0,0,0,1,0
TF,DURIP,52.907464,-112.707828,0, ,0.0,0.0,0.0,0.0,2,3700,0,0,0,0,1,0

FINAL,R32-A,32,G,3
IF,DURIP,52.907464,-112.707828, ,0.0,0.0,2,3700,0,0,0,0,0,0
TF,CORMM,52.982078,-112.768800,0, ,0.0,0.0,315.0,5.0,2,3590,0,0,0,0,2,0
TF,RW32,53.034275,-112.811708,0, ,0.0,0.0,315.0,3.5,1,2461,0,0,0,0,3,1
TF,AGAPN,53.108847,-112.872942,0, ,0.0,0.0,0.0,0.0,1,4100,0,0,0,0,0,1
HM,AGAPN,53.108847,-112.872942,2, ,0.0,0.0,315.0,04.3,0,0,0,0,0,0,0,0,0

