APPTR,R10,10,KIRAK
IF,KIRAK,53.591858,-113.320872, ,0.0,0.0,0,0,0,0,0,0,1,0
TF,OTVUX,53.519403,-113.389556,0, ,0.0,0.0,0.0,0.0,2,4100,0,0,0,0,1,0

FINAL,R10,10,G,3
IF,OTVUX,53.519403,-113.389556, ,0.0,0.0,2,4100,0,0,0,0,1,0
TF,BOVUX,53.470561,-113.243522,0, ,0.0,0.0,104.0,6.0,2,4100,0,0,0,0,2,0
TF,RW10,53.429514,-113.121464,0, ,0.0,0.0,104.0,5.0,1,2477,0,0,0,0,3,1
TF,RIGIS,53.413158,-113.072939,0, ,0.0,0.0,0.0,0.0,0,0,0,0,0,0,0,0
TF,PENPU,53.368081,-112.939694,0, ,0.0,0.0,0.0,0.0,1,4400,0,0,0,0,0,1
HM,PENPU,53.368081,-112.939694,2, ,0.0,0.0,104.0,04.3,0,0,0,1,175,0,0,0,0

APPTR,R28,28,SAVID
IF,SAVID,53.407311,-112.773244, ,0.0,0.0,0,0,0,0,0,0,1,0
TF,KIXEX,53.334861,-112.841650,0, ,0.0,0.0,0.0,0.0,2,4100,0,0,0,0,1,0

FINAL,R28,28,G,3
IF,KIXEX,53.334861,-112.841650, ,0.0,0.0,2,4100,0,0,0,0,1,0
TF,LIBAT,53.384106,-112.986839,0, ,0.0,0.0,284.0,6.0,2,4100,0,0,0,0,2,0
TF,RW28,53.425542,-113.109672,0, ,0.0,0.0,284.0,5.1,1,2465,0,0,0,0,3,1
CA,0,284.0,2,3300,0,0,0,0,0,0
DF,SAVID,53.407311,-112.773244,2, ,0.0,0.0,1,4400,0,0,0,0,0,1
HM,SAVID,53.407311,-112.773244,2, ,0.0,0.0,194.0,04.3,0,0,0,1,210,0,0,0,0

