APPTR,R08,08,PUPOX
IF,PUPOX,58.342072,-116.291589, ,0.0,0.0,0,0,0,0,0,0,1,0
TF,ROPMA,58.424636,-116.273056,0, ,0.0,0.0,0.0,0.0,2,2500,0,0,0,0,1,0

APPTR,R08,08,RADOL
IF,RADOL,58.507197,-116.254436, ,0.0,0.0,0,0,0,0,0,0,1,0
TF,ROPMA,58.424636,-116.273056,0, ,0.0,0.0,0.0,0.0,2,2500,0,0,0,0,1,0

APPTR,R08,08,SAXUM
IF,SAXUM,58.434283,-116.430483, ,0.0,0.0,0,0,0,0,0,0,1,0
TF,ROPMA,58.424636,-116.273056,0, ,0.0,0.0,0.0,0.0,2,2500,0,0,0,0,1,0

FINAL,R08,08,G,4
IF,ROPMA,58.424636,-116.273056, ,0.0,0.0,2,2500,0,0,0,0,0,0
TF,PEVMO,58.414794,-116.115714,0, ,0.0,0.0,78.0,5.0,2,2480,0,0,0,0,2,0
TF,KAVEX,58.409778,-116.037078,0, ,0.0,0.0,79.0,2.5,2,1680,0,0,0,0,0,0
TF,RW08,58.404758,-115.958461,0, ,0.0,0.0,79.0,2.5,1,886,0,0,0,0,3,1
TF,APDUK,58.394531,-115.801300,0, ,0.0,0.0,0.0,0.0,1,4200,0,0,0,0,0,1
HM,APDUK,58.394531,-115.801300,2, ,0.0,0.0,79.0,04.3,0,0,0,1,175,0,0,0,0

APPTR,R26,26,NOVIB
IF,NOVIB,58.465167,-115.603494, ,0.0,0.0,0,0,0,0,0,0,1,0
TF,NAPCO,58.382700,-115.623564,0, ,0.0,0.0,0.0,0.0,2,2500,0,0,0,0,1,0

APPTR,R26,26,NUGIR
IF,NUGIR,58.372089,-115.466594, ,0.0,0.0,0,0,0,0,0,0,1,0
TF,NAPCO,58.382700,-115.623564,0, ,0.0,0.0,0.0,0.0,2,2500,0,0,0,0,1,0

APPTR,R26,26,OTVEP
IF,OTVEP,58.300231,-115.643539, ,0.0,0.0,0,0,0,0,0,0,1,0
TF,NAPCO,58.382700,-115.623564,0, ,0.0,0.0,0.0,0.0,2,2500,0,0,0,0,1,0

FINAL,R26,26,G,3
IF,NAPCO,58.382700,-115.623564, ,0.0,0.0,2,2500,0,0,0,0,0,0
TF,LIDIV,58.393119,-115.780628,0, ,0.0,0.0,259.0,5.0,2,2500,0,0,0,0,2,0
TF,RW26,58.403347,-115.937783,0, ,0.0,0.0,259.0,5.0,1,893,0,0,0,0,3,1
TF,DELTU,58.413383,-116.095028,0, ,0.0,0.0,0.0,0.0,1,4200,0,0,0,0,0,1
HM,DELTU,58.413383,-116.095028,2, ,0.0,0.0,259.0,04.3,0,0,0,1,175,0,0,0,0

