APPTR,R07,07,EBGOK
IF,EBGOK,58.254969,-116.661822, ,0.0,0.0,0,0,0,0,0,0,1,0
TF,DUMRI,58.171836,-116.660353,0, ,0.0,0.0,0.0,0.0,2,3000,0,0,0,0,1,0

APPTR,R07,07,GUDEL
IF,GUDEL,58.088700,-116.658889, ,0.0,0.0,0,0,0,0,0,0,1,0
TF,DUMRI,58.171836,-116.660353,0, ,0.0,0.0,0.0,0.0,2,3000,0,0,0,0,1,0

APPTR,R07,07,ILAPO
IF,ILAPO,58.170964,-116.817694, ,0.0,0.0,0,0,0,0,0,0,1,0
TF,DUMRI,58.171836,-116.660353,0, ,0.0,0.0,0.0,0.0,2,3000,0,0,0,0,1,0

FINAL,R07,07,G,3
IF,DUMRI,58.171836,-116.660353, ,0.0,0.0,2,3000,0,0,0,0,0,0
TF,AGDIK,58.172514,-116.503006,0, ,0.0,0.0,71.0,5.0,2,3000,0,0,0,0,2,0
TF,RW07,58.172997,-116.345653,0, ,0.0,0.0,71.0,5.0,1,1098,0,0,0,0,3,1
TF,KASUV,58.173286,-116.188297,0, ,0.0,0.0,0.0,0.0,1,4100,0,0,0,0,0,1
HM,KASUV,58.173286,-116.188297,2, ,0.0,0.0,72.0,04.3,0,0,0,1,210,0,0,0,0

APPTR,R25,25,OMPIT
IF,OMPIT,58.256539,-116.008133, ,0.0,0.0,0,0,0,0,0,0,1,0
TF,MEDUK,58.173400,-116.008139,0, ,0.0,0.0,0.0,0.0,2,3000,0,0,0,0,1,0

APPTR,R25,25,PESVU
IF,PESVU,58.090261,-116.008144, ,0.0,0.0,0,0,0,0,0,0,1,0
TF,MEDUK,58.173400,-116.008139,0, ,0.0,0.0,0.0,0.0,2,3000,0,0,0,0,1,0

APPTR,R25,25,TEVUP
IF,TEVUP,58.173300,-115.850781, ,0.0,0.0,0,0,0,0,0,0,1,0
TF,MEDUK,58.173400,-116.008139,0, ,0.0,0.0,0.0,0.0,2,3000,0,0,0,0,1,0

FINAL,R25,25,G,3
IF,MEDUK,58.173400,-116.008139, ,0.0,0.0,2,3000,0,0,0,0,0,0
TF,LIRTO,58.173306,-116.165497,0, ,0.0,0.0,252.0,5.0,2,3000,0,0,0,0,2,0
TF,RW25,58.173017,-116.322850,0, ,0.0,0.0,252.0,5.0,1,1089,0,0,0,0,3,1
TF,VIKLU,58.172533,-116.480206,0, ,0.0,0.0,0.0,0.0,1,4000,0,0,0,0,0,1
HM,VIKLU,58.172533,-116.480206,2, ,0.0,0.0,252.0,04.3,0,0,0,1,210,0,0,0,0

