APPTR,R07,07,KAVIP
IF,KAVIP,56.244542,-113.814458, ,0.0,0.0,0,0,0,1,200,0,1,0
TF,IGTEM,56.159717,-113.813203,0, ,0.0,0.0,0.0,0.0,2,3800,0,0,0,0,1,0

APPTR,R07,07,LENOV
IF,LENOV,56.074889,-113.811956, ,0.0,0.0,0,0,0,1,200,0,1,0
TF,IGTEM,56.159717,-113.813203,0, ,0.0,0.0,0.0,0.0,2,3800,0,0,0,0,1,0

FINAL,R07,07,G,3
IF,IGTEM,56.159717,-113.813203, ,0.0,0.0,2,3800,0,0,0,0,1,0
TF,MAROV,56.160408,-113.634372,0, ,0.0,0.0,74.0,6.0,2,3700,0,0,0,0,2,0
TF,RW07,56.160789,-113.483114,0, ,0.0,0.0,74.0,5.1,1,2071,0,0,0,0,3,1
TF,SAVUT,56.160889,-113.423503,0, ,0.0,0.0,0.0,0.0,0,0,0,0,0,0,0,0
TF,ALEVU,56.160833,-113.033031,0, ,0.0,0.0,0.0,0.0,1,5600,0,0,0,0,0,1
HM,ALEVU,56.160833,-113.033031,2, ,0.0,0.0,74.0,04.3,0,0,0,1,200,0,0,0,0

APPTR,R25,25,LEPUN
IF,LEPUN,56.076142,-113.137722, ,0.0,0.0,0,0,0,1,200,0,1,0
TF,KAVNI,56.160969,-113.137483,0, ,0.0,0.0,0.0,0.0,2,3800,0,0,0,0,1,0

APPTR,R25,25,SAXUS
IF,SAXUS,56.245797,-113.137244, ,0.0,0.0,0,0,0,1,200,0,1,0
TF,KAVNI,56.160969,-113.137483,0, ,0.0,0.0,0.0,0.0,2,3800,0,0,0,0,1,0

FINAL,R25,25,G,3
IF,KAVNI,56.160969,-113.137483, ,0.0,0.0,2,3800,0,0,0,0,1,0
TF,IGTIK,56.160997,-113.316325,0, ,0.0,0.0,254.0,6.0,2,3700,0,0,0,0,2,0
TF,RW25,56.160825,-113.464119,0, ,0.0,0.0,254.0,5.0,1,2109,0,0,0,0,3,1
TF,MASEM,56.160706,-113.523733,0, ,0.0,0.0,0.0,0.0,0,0,0,0,0,0,0,0
TF,SEVTI,56.159275,-113.902264,0, ,0.0,0.0,0.0,0.0,1,5600,0,0,0,0,0,1
HM,SEVTI,56.159275,-113.902264,2, ,0.0,0.0,254.0,04.3,0,0,0,1,230,0,0,0,0

