APPTR,R10,10,LODVU
IF,LODVU,49.329969,-98.291550, ,0.0,0.0,0,0,0,0,0,0,1,0
TF,KINUN,49.248189,-98.315453,0, ,0.0,0.0,0.0,0.0,2,3100,0,0,0,0,1,0

APPTR,R10,10,RIDUT
IF,RIDUT,49.263742,-98.440419, ,0.0,0.0,0,0,0,0,0,0,1,0
TF,KINUN,49.248189,-98.315453,0, ,0.0,0.0,0.0,0.0,2,3100,0,0,0,0,1,0

APPTR,R10,10,URVAK
IF,URVAK,49.166403,-98.339275, ,0.0,0.0,0,0,0,0,0,0,1,0
TF,KINUN,49.248189,-98.315453,0, ,0.0,0.0,0.0,0.0,2,3100,0,0,0,0,1,0

FINAL,R10,10,G,3
IF,KINUN,49.248189,-98.315453, ,0.0,0.0,2,3100,0,0,0,0,0,0
TF,EBMOS,49.232500,-98.190567,0, ,0.0,0.0,97.0,5.0,2,2590,0,0,0,0,2,0
TF,RW10,49.209606,-98.068331,0, ,0.0,0.0,102.0,5.0,1,1000,0,0,0,0,3,1
TF,XUDVO,49.256667,-97.693739,0, ,0.0,0.0,0.0,0.0,1,3500,0,0,0,0,0,1
HM,XUDVO,49.256667,-97.693739,2, ,0.0,0.0,75.0,04.3,0,0,0,0,0,0,0,0,0

APPTR,R18,18,DASGI
IF,DASGI,49.359425,-97.885811, ,0.0,0.0,0,0,0,0,0,0,1,0
TF,AVTID,49.376861,-98.010478,0, ,0.0,0.0,0.0,0.0,2,3500,0,0,0,0,1,0

APPTR,R18,18,MUSAV
IF,MUSAV,49.458286,-97.983831, ,0.0,0.0,0,0,0,0,0,0,1,0
TF,AVTID,49.376861,-98.010478,0, ,0.0,0.0,0.0,0.0,2,3500,0,0,0,0,1,0

APPTR,R18,18,ONDON
IF,ONDON,49.394164,-98.135233, ,0.0,0.0,0,0,0,0,0,0,1,0
TF,AVTID,49.376861,-98.010478,0, ,0.0,0.0,0.0,0.0,2,3500,0,0,0,0,1,0

FINAL,R18,18,G,3
IF,AVTID,49.376861,-98.010478, ,0.0,0.0,2,3500,0,0,0,0,0,0
TF,IGSUR,49.295428,-98.037036,0, ,0.0,0.0,188.0,5.0,2,2590,0,0,0,0,2,0
TF,RW18,49.214503,-98.063450,0, ,0.0,0.0,188.0,5.0,1,1000,0,0,0,0,3,1
TF,PURAP,49.156978,-98.081983,0, ,0.0,0.0,0.0,0.0,2,2500,0,0,0,0,0,1
TF,TUMEG,49.208314,-98.454900,0, ,0.0,0.0,0.0,0.0,1,3500,0,0,0,0,0,1
HM,TUMEG,49.208314,-98.454900,2, ,0.0,0.0,278.0,04.3,0,0,0,0,0,0,0,0,0

