APPTR,R12,12,UKIGO
IF,UKIGO,49.734519,-108.703719, ,0.0,0.0,0,0,0,0,0,0,1,0
TF,PIBTI,49.792942,-108.612175,0, ,0.0,0.0,0.0,0.0,2,4700,0,0,0,0,1,0

APPTR,R12,12,YYN
IF,YYN,50.297042,-107.690903, ,0.0,0.0,0,0,0,0,0,0,0,0
TF,SAXIX,49.851292,-108.520411,0, ,0.0,0.0,0.0,0.0,2,4700,0,0,0,0,1,0
TF,PIBTI,49.792942,-108.612175,0, ,0.0,0.0,0.0,0.0,2,4700,0,0,0,0,1,0

FINAL,R12,12,G,3
IF,PIBTI,49.792942,-108.612175, ,0.0,0.0,2,4700,0,0,0,0,0,0
TF,OBRER,49.721878,-108.503814,0, ,0.0,0.0,122.0,6.0,2,4680,0,0,0,0,2,0
TF,RW12,49.661722,-108.412431,0, ,0.0,0.0,122.0,5.1,1,3059,0,0,0,0,3,1
TF,IGRUR,49.643925,-108.385489,0, ,0.0,0.0,0.0,0.0,0,0,0,0,0,0,0,1
TF,VEPRO,49.602358,-108.322625,0, ,0.0,0.0,0.0,0.0,1,5000,0,0,0,0,0,1
HM,VEPRO,49.602358,-108.322625,2, ,0.0,0.0,122.0,04.3,0,0,0,1,200,0,0,0,0

APPTR,R30,30,XIDUN
IF,XIDUN,49.465750,-108.295853, ,0.0,0.0,0,0,0,0,0,0,1,0
TF,LISPI,49.524167,-108.204800,0, ,0.0,0.0,0.0,0.0,2,4700,0,0,0,0,1,0

APPTR,R30,30,YYN
IF,YYN,50.297042,-107.690903, ,0.0,0.0,0,0,0,0,0,0,0,0
TF,URMUR,49.582514,-108.113531,0, ,0.0,0.0,0.0,0.0,2,4700,0,0,0,0,1,0
TF,LISPI,49.524167,-108.204800,0, ,0.0,0.0,0.0,0.0,2,4700,0,0,0,0,1,0

FINAL,R30,30,G,4
IF,LISPI,49.524167,-108.204800, ,0.0,0.0,2,4700,0,0,0,0,0,0
TF,KEPDO,49.595514,-108.312289,0, ,0.0,0.0,302.0,6.0,2,4700,0,0,0,0,2,0
TF,DUXUK,49.620261,-108.349681,0, ,0.0,0.0,302.0,2.1,2,4020,0,0,0,0,0,0
TF,RW30,49.655925,-108.403631,0, ,0.0,0.0,302.0,3.0,1,3067,0,0,0,0,3,1
TF,ROLTU,49.673678,-108.430586,0, ,0.0,0.0,0.0,0.0,0,0,0,0,0,0,0,1
TF,AVAXU,49.715186,-108.493633,0, ,0.0,0.0,0.0,0.0,1,5000,0,0,0,0,0,1
HM,AVAXU,49.715186,-108.493633,2, ,0.0,0.0,302.0,04.3,0,0,0,1,200,0,0,0,0

