APPTR,N30,30,6Z
PI,6Z,56.478333,-109.400833,2,6Z,91.0,10.0,136,5.0,2,2900,0,0,0,0,0,0
CF,FF30,56.409878,-109.326664,0,6Z,136.0,4.8,316.0,5.2,2,2900,0,0,0,0,0,0

FINAL,N30,30,N,3
IF,FF30,56.409878,-109.326664,6Z,0.0,0.0,2,2900,0,0,0,0,2,0
CF,EP30,56.471006,-109.392878,0,6Z,0.0,0.0,316.0,4.3,1,1546,0,0,0,0,0,1
CF,6Z,56.478333,-109.400833,0,6Z,0.0,0.0,316.0,0.5,2,1920,0,0,0,0,3,1
CA,0,316.0,2,3000,0,0,0,0,0,0
DF,6Z,56.478333,-109.400833,2, ,0.0,0.0,1,3000,0,0,0,0,0,0
HM,6Z,56.478333,-109.400833,2, ,0.0,0.0,316.0,04.3,0,0,0,0,0,0,0,0,0

APPTR,R12,12,APGUK
IF,APGUK,56.525942,-109.740711, ,0.0,0.0,0,0,0,1,210,0,1,0
TF,ESVEX,56.588583,-109.641664,0, ,0.0,0.0,0.0,0.0,2,2900,0,0,0,0,1,0

APPTR,R12,12,XOPLA
IF,XOPLA,56.651142,-109.542289, ,0.0,0.0,0,0,0,1,210,0,1,0
TF,ESVEX,56.588583,-109.641664,0, ,0.0,0.0,0.0,0.0,2,2900,0,0,0,0,1,0

FINAL,R12,12,G,3
IF,ESVEX,56.588583,-109.641664, ,0.0,0.0,2,2900,0,0,0,0,1,0
TF,TUDUX,56.522817,-109.505756,0, ,0.0,0.0,118.0,6.0,2,2900,0,0,0,0,2,0
TF,RW12,56.476611,-109.410731,0, ,0.0,0.0,118.0,4.2,1,1560,0,0,0,0,3,1
TF,GUDUB,56.421606,-109.298108,0, ,0.0,0.0,0.0,0.0,1,3000,0,0,0,0,0,1
HM,GUDUB,56.421606,-109.298108,2, ,0.0,0.0,118.0,04.3,0,0,0,0,0,0,0,0,0

APPTR,R30,30,ETNAD
IF,ETNAD,56.294567,-109.265386, ,0.0,0.0,0,0,0,1,210,0,1,0
TF,LEVAB,56.356828,-109.166161,0, ,0.0,0.0,0.0,0.0,2,2900,0,0,0,0,1,0

APPTR,R30,30,ITMEP
IF,ITMEP,56.419011,-109.066611, ,0.0,0.0,0,0,0,1,210,0,1,0
TF,LEVAB,56.356828,-109.166161,0, ,0.0,0.0,0.0,0.0,2,2900,0,0,0,0,1,0

FINAL,R30,30,G,3
IF,LEVAB,56.356828,-109.166161, ,0.0,0.0,2,2900,0,0,0,0,1,0
TF,XOTRI,56.422967,-109.300889,0, ,0.0,0.0,298.0,6.0,2,2900,0,0,0,0,2,0
TF,RW30,56.469750,-109.396658,0, ,0.0,0.0,298.0,4.3,1,1546,0,0,0,0,3,1
TF,KODOD,56.524667,-109.509567,0, ,0.0,0.0,0.0,0.0,1,3000,0,0,0,0,0,1
HM,KODOD,56.524667,-109.509567,2, ,0.0,0.0,298.0,04.3,0,0,0,0,0,0,0,0,0

