APPTR,R02,02,VIGTA
IF,VIGTA,60.161936,-102.820794, ,0.0,0.0,0,0,0,1,180,0,1,0
TF,VEPRU,60.124614,-102.671872,0, ,0.0,0.0,0.0,0.0,2,2800,0,0,0,0,1,0

APPTR,R02,02,VOGIX
IF,VOGIX,60.087122,-102.523289, ,0.0,0.0,0,0,0,1,180,0,1,0
TF,VEPRU,60.124614,-102.671872,0, ,0.0,0.0,0.0,0.0,2,2800,0,0,0,0,1,0

FINAL,R02,02,G,3
IF,VEPRU,60.124614,-102.671872, ,0.0,0.0,2,2800,0,0,0,0,1,0
TF,URMIM,60.213644,-102.581664,0, ,0.0,0.0,20.0,6.0,2,2720,0,0,0,0,2,0
TF,RW02,60.284331,-102.509650,0, ,0.0,0.0,20.0,4.8,1,1192,0,0,0,0,3,1
TF,XORLU,60.388061,-102.403331,0, ,0.0,0.0,0.0,0.0,1,2900,0,0,0,0,0,1
HM,XORLU,60.388061,-102.403331,2, ,0.0,0.0,20.0,04.3,0,0,0,1,200,0,0,0,0

