APPTR,R11,11,AXEDI
IF,AXEDI,49.735278,-102.722819, ,0.0,0.0,0,0,0,0,0,0,1,0
TF,BEVIB,49.674658,-102.634822,0, ,0.0,0.0,0.0,0.0,2,3900,0,0,0,0,1,0

APPTR,R11,11,DUSOT
IF,DUSOT,49.591981,-102.649897, ,0.0,0.0,0,0,0,0,0,0,1,0
TF,BEVIB,49.674658,-102.634822,0, ,0.0,0.0,0.0,0.0,2,3900,0,0,0,0,1,0

FINAL,R11,11,G,3
IF,BEVIB,49.674658,-102.634822, ,0.0,0.0,2,3900,0,0,0,0,0,0
TF,EMLIT,49.658806,-102.431044,0, ,0.0,0.0,89.0,8.0,2,3880,0,0,0,0,2,0
TF,GOTAD,49.648714,-102.303750,0, ,0.0,0.0,89.0,5.0,1,2281,0,0,0,0,3,1
TF,MIVEB,49.628114,-102.049325,0, ,0.0,0.0,0.0,0.0,1,4800,0,0,0,0,0,1
HM,MIVEB,49.628114,-102.049325,2, ,0.0,0.0,89.0,04,0,0,0,1,200,0,0,0,0

APPTR,R29,29,EBKET
IF,EBKET,49.650486,-101.970061, ,0.0,0.0,0,0,0,0,0,0,1,0
TF,OVOMA,49.573422,-102.018553,0, ,0.0,0.0,0.0,0.0,2,3800,0,0,0,0,1,0

APPTR,R29,29,LEVUK
IF,LEVUK,49.496336,-102.066889, ,0.0,0.0,0,0,0,0,0,0,1,0
TF,OVOMA,49.573422,-102.018553,0, ,0.0,0.0,0.0,0.0,2,3800,0,0,0,0,1,0

FINAL,R29,29,G,3
IF,OVOMA,49.573422,-102.018553, ,0.0,0.0,2,3800,0,0,0,0,0,0
TF,ILUNA,49.611114,-102.160886,0, ,0.0,0.0,284.0,6.0,2,3710,0,0,0,0,2,0
TF,RW29,49.642392,-102.279667,0, ,0.0,0.0,284.0,5.0,1,2120,0,0,0,0,3,1
CA,0,284.0,2,2474,0,0,0,0,0,0
DF,TABOB,49.662461,-102.534322,0, ,0.0,0.0,1,4800,0,0,0,0,0,1
HM,TABOB,49.662461,-102.534322,2, ,0.0,0.0,269.0,04,0,0,0,1,200,0,0,0,0

