APPTR,D17,17,YQD
PI,YQD,53.973478,-101.099908,2,YQD,333.0,10.0,018,5.0,2,2200,0,0,0,0,0,0
CF,YQD,53.973478,-101.099908,0,YQD,0.0,0.0,198.0,8.0,2,1600,0,0,0,0,0,0

FINAL,D17,17,D,3
IF,YQD,53.973478,-101.099908,YQD,0.0,0.0,2,1600,0,0,0,0,2,0
CF,IGTAM,53.881767,-101.167608,0,YQD,197.6,6.0,198.0,6.0,2,1500,0,0,0,0,0,0
CF,GOPEX,53.830428,-101.205372,0,YQD,197.6,9.4,198.0,3.4,1,914,0,0,0,0,3,0
CA,0,198.0,2,1280,0,0,0,0,0,0
DF,YQD,53.973478,-101.099908,1, ,0.0,0.0,1,2300,0,0,0,0,0,0
HM,YQD,53.973478,-101.099908,2, ,0.0,0.0,198.0,04.3,0,0,0,0,0,0,0,0,0

APPTR,R08,08,KAVSI
IF,KAVSI,53.857544,-101.521311, ,0.0,0.0,0,0,0,0,0,0,1,0
TF,MEKLA,53.777417,-101.483467,0, ,0.0,0.0,0.0,0.0,2,2600,0,0,0,0,1,0

APPTR,R08,08,LEVAN
IF,LEVAN,53.697278,-101.445764, ,0.0,0.0,0,0,0,0,0,0,1,0
TF,MEKLA,53.777417,-101.483467,0, ,0.0,0.0,0.0,0.0,2,2600,0,0,0,0,1,0

FINAL,R08,08,G,3
IF,MEKLA,53.777417,-101.483467, ,0.0,0.0,2,2600,0,0,0,0,1,0
TF,NAKPO,53.800019,-101.348250,0, ,0.0,0.0,67.0,5.0,2,2520,0,0,0,0,2,0
TF,RW08,53.822444,-101.212889,0, ,0.0,0.0,67.0,5.0,1,923,0,0,0,0,3,1
TF,IKLAD,53.844767,-101.077383,0, ,0.0,0.0,0.0,0.0,1,2200,0,0,0,0,0,1
HM,IKLAD,53.844767,-101.077383,2, ,0.0,0.0,67.0,04.3,0,0,0,0,0,0,0,0,0

APPTR,R26,26,PEPRI
IF,PEPRI,53.907272,-100.918094, ,0.0,0.0,0,0,0,0,0,0,1,0
TF,SAXAT,53.824081,-100.916536,0, ,0.0,0.0,0.0,0.0,2,2600,0,0,0,0,1,0

APPTR,R26,26,TAVGA
IF,TAVGA,53.740889,-100.914983, ,0.0,0.0,0,0,0,0,0,0,1,0
TF,SAXAT,53.824081,-100.916536,0, ,0.0,0.0,0.0,0.0,2,2600,0,0,0,0,1,0

FINAL,R26,26,G,3
IF,SAXAT,53.824081,-100.916536, ,0.0,0.0,2,2600,0,0,0,0,1,0
TF,VEVSO,53.823408,-101.057147,0, ,0.0,0.0,263.0,5.0,2,2500,0,0,0,0,2,0
TF,RW26,53.822542,-101.197778,0, ,0.0,0.0,262.0,5.0,1,912,0,0,0,0,3,1
TF,RIGAX,53.821567,-101.338358,0, ,0.0,0.0,0.0,0.0,1,2300,0,0,0,0,0,1
HM,RIGAX,53.821567,-101.338358,2, ,0.0,0.0,262.0,04.3,0,0,0,0,0,0,0,0,0

