APPTR,R08,08,MAPAM
IF,MAPAM,52.781144,-105.014922, ,0.0,0.0,0,0,0,0,0,0,1,0
TF,GONUN,52.864356,-105.014783,0, ,0.0,0.0,0.0,0.0,2,3200,0,0,0,0,1,0

APPTR,R08,08,RABEG
IF,RABEG,52.947567,-105.014642, ,0.0,0.0,0,0,0,0,0,0,1,0
TF,GONUN,52.864356,-105.014783,0, ,0.0,0.0,0.0,0.0,2,3200,0,0,0,0,1,0

FINAL,R08,08,G,3
IF,GONUN,52.864356,-105.014783, ,0.0,0.0,2,3200,0,0,0,0,1,0
TF,AGMAD,52.864508,-104.849786,0, ,0.0,0.0,80.0,6.0,2,3200,0,0,0,0,2,0
TF,RW08,52.864456,-104.707797,0, ,0.0,0.0,80.0,5.2,1,1532,0,0,0,0,3,1
TF,BENIP,52.864408,-104.652797,0, ,0.0,0.0,0.0,0.0,0,0,0,0,0,0,0,0
TF,IGSEG,52.864331,-104.570300,0, ,0.0,0.0,0.0,0.0,1,3200,0,0,0,0,0,1
HM,IGSEG,52.864331,-104.570300,2, ,0.0,0.0,80.0,04.3,0,0,0,1,200,0,0,0,0

APPTR,R26,26,KANAX
IF,KANAX,52.947139,-104.386519, ,0.0,0.0,0,0,0,0,0,0,1,0
TF,DANLO,52.863928,-104.386686,0, ,0.0,0.0,0.0,0.0,2,3200,0,0,0,0,1,0

APPTR,R26,26,OBMOV
IF,OBMOV,52.780717,-104.386853, ,0.0,0.0,0,0,0,0,0,0,1,0
TF,DANLO,52.863928,-104.386686,0, ,0.0,0.0,0.0,0.0,2,3200,0,0,0,0,1,0

FINAL,R26,26,G,4
IF,DANLO,52.863928,-104.386686, ,0.0,0.0,2,3200,0,0,0,0,1,0
TF,NABTA,52.864306,-104.551681,0, ,0.0,0.0,260.0,6.0,2,3200,0,0,0,0,2,0
TF,SASOL,52.864403,-104.628092,0, ,0.0,0.0,260.0,2.8,2,2290,0,0,0,0,0,0
TF,RW26,52.864447,-104.694092,0, ,0.0,0.0,260.0,2.4,1,1527,0,0,0,0,3,1
TF,EBDEM,52.864475,-104.749089,0, ,0.0,0.0,0.0,0.0,0,0,0,0,0,0,0,0
TF,LENEN,52.864508,-104.831586,0, ,0.0,0.0,0.0,0.0,1,3200,0,0,0,0,0,1
HM,LENEN,52.864508,-104.831586,2, ,0.0,0.0,260.0,04.3,0,0,0,1,200,0,0,0,0

